0.05047 4.96934 0.250
0.05171 4.59048 0.250
0.13098 4.99359 0.250
0.20893 5.77527 0.250
0.22890 5.55545 0.250
0.24641 5.86125 0.250
0.26606 6.02609 0.250
0.29273 6.56690 0.250
0.40406 7.58348 0.250
0.41491 7.20918 0.250
0.44020 7.54439 0.250
0.46964 8.19773 0.250
0.47070 8.62078 0.250
0.49482 8.18764 0.250
0.50675 8.50695 0.250
0.57218 9.24291 0.250
0.57450 9.56894 0.250
0.59745 10.20033 0.250
0.63622 10.83635 0.250
0.70328 11.51951 0.250
0.74403 12.39974 0.250
0.81302 14.30130 0.250
0.81412 14.06140 0.250
0.85430 14.50449 0.250
0.95025 16.98741 0.250
