#name zcmb dz mb dmb
SN660613 0.2578 0.0 24.294 0.106
SN610110 0.4403 0.0 25.385 0.134
SN690919 0.0398 0.0 20.380 0.146
SN790126 1.1388 0.0 27.221 0.116
SN751015 0.6752 0.0 26.125 0.143
SN641233 0.4413 0.0 25.113 0.156
SN690723 0.1197 0.0 22.575 0.139
SN570903 0.0412 0.0 20.119 0.192
SN721014 0.1764 0.0 23.728 0.171
SN590705 0.2189 0.0 23.805 0.146
SN790232 0.3699 0.0 25.009 0.144
SN681227 0.0094 0.0 16.792 0.169
SN671310 0.2571 0.0 24.413 0.219
SN680705 1.2070 0.0 27.387 0.100
SN760914 0.4076 0.0 25.110 0.152
SN601015 0.0049 0.0 15.893 0.109
SN630403 0.1334 0.0 22.673 0.128
SN560715 0.1592 0.0 22.894 0.173
SN670831 0.0542 0.0 20.749 0.187
SN741123 0.1697 0.0 23.368 0.198
SN690210 0.1351 0.0 22.780 0.118
SN671329 0.4995 0.0 25.670 0.140
SN790811 0.0530 0.0 21.081 0.207
SN560408 0.6054 0.0 25.732 0.130
SN561119 0.3963 0.0 25.101 0.159
SN701110 0.3537 0.0 24.936 0.112
SN561104 0.6389 0.0 25.848 0.111
SN690930 0.3543 0.0 24.625 0.142
SN801115 0.5080 0.0 25.434 0.190
SN801212 0.4832 0.0 25.622 0.110
SN610302 0.2885 0.0 24.524 0.108
SN560133 0.0893 0.0 21.951 0.122
SN581127 0.0586 0.0 21.062 0.113
SN770801 0.0283 0.0 19.341 0.135
SN561301 0.3462 0.0 24.903 0.131
SN790331 0.4796 0.0 25.522 0.162
SN660808 0.0658 0.0 21.371 0.140
SN631132 0.5239 0.0 25.637 0.138
SN700608 0.0863 0.0 21.786 0.124
SN570101 0.0819 0.0 21.828 0.122
SN650517 0.1087 0.0 22.341 0.164
SN780314 0.0463 0.0 20.391 0.168
SN701102 0.1601 0.0 23.087 0.124
SN760334 0.3709 0.0 25.106 0.152
SN790210 0.3840 0.0 24.812 0.137
SN670726 0.3329 0.0 24.592 0.157
SN750419 0.1620 0.0 23.274 0.110
SN601203 0.2652 0.0 24.349 0.103
SN640915 0.0463 0.0 20.587 0.110
SN610434 0.0381 0.0 20.030 0.136
SN560802 0.3218 0.0 24.596 0.113
SN800611 0.6554 0.0 26.141 0.095
SN560709 0.4572 0.0 25.397 0.128
SN710619 0.4094 0.0 25.250 0.098
SN711118 0.0748 0.0 21.910 0.113
SN730525 0.2414 0.0 23.876 0.135
SN700615 0.3002 0.0 24.216 0.202
SN670509 0.1399 0.0 22.805 0.141
SN741323 0.0662 0.0 21.190 0.140
SN590625 1.0704 0.0 27.246 0.125
SN600934 0.2224 0.0 24.045 0.158
SN800630 0.1673 0.0 23.134 0.137
SN621107 0.4152 0.0 24.891 0.167
SN601128 0.5147 0.0 25.688 0.097
SN800222 0.3612 0.0 24.997 0.147
SN640716 0.1779 0.0 23.579 0.135
SN660701 0.1252 0.0 22.811 0.161
SN641206 0.0265 0.0 19.393 0.126
SN590411 0.2514 0.0 24.032 0.132
SN671316 0.7999 0.0 26.660 0.139
SN591126 0.2687 0.0 24.435 0.129
SN720306 0.6935 0.0 26.112 0.121
SN790622 0.4894 0.0 25.480 0.110
SN650133 0.0940 0.0 22.322 0.134
SN730420 0.6507 0.0 26.035 0.134
SN561012 0.2285 0.0 23.859 0.129
SN640713 1.9587 0.0 28.552 0.212
SN721130 0.2216 0.0 23.954 0.110
SN651122 1.1689 0.0 27.129 0.142
SN791229 0.1666 0.0 23.043 0.219
SN560420 0.1676 0.0 23.344 0.166
SN701203 0.2409 0.0 23.824 0.259
SN800517 0.0401 0.0 20.173 0.165
SN790934 0.4183 0.0 25.213 0.137
SN610303 0.0753 0.0 21.220 0.193
SN650605 0.4166 0.0 25.158 0.126
SN781214 0.3904 0.0 24.931 0.156
SN590913 0.0848 0.0 21.819 0.162
SN800705 0.2664 0.0 24.019 0.139
SN791003 0.3526 0.0 25.092 0.135
SN561206 1.5812 0.0 27.719 0.252
SN800820 0.1229 0.0 22.556 0.129
SN641324 0.3015 0.0 24.338 0.139
SN561210 0.0580 0.0 20.944 0.158
SN611320 0.0480 0.0 20.826 0.129
SN621119 1.5669 0.0 28.050 0.121
SN780724 0.1315 0.0 22.848 0.151
SN700202 0.8294 0.0 26.509 0.153
SN781009 0.0557 0.0 21.132 0.180
SN750924 0.0119 0.0 17.549 0.172
SN721132 0.3076 0.0 24.414 0.129
SN680206 0.7132 0.0 26.293 0.122
SN680617 0.3342 0.0 24.734 0.276
SN691205 0.0078 0.0 16.654 0.167
SN590702 0.5256 0.0 25.710 0.135
SN740519 0.2129 0.0 23.754 0.143
SN590317 0.3927 0.0 24.983 0.168
SN710732 0.3218 0.0 24.504 0.143
SN661311 0.0351 0.0 19.978 0.138
SN741309 0.1656 0.0 23.299 0.098
SN601333 0.3775 0.0 25.099 0.131
SN611109 0.1178 0.0 22.627 0.137
SN761118 0.0114 0.0 17.312 0.143
SN720921 0.8839 0.0 26.565 0.205
SN751234 0.0021 0.0 14.003 0.119
SN720403 0.2355 0.0 24.174 0.192
SN610519 0.5225 0.0 25.669 0.118
SN600833 0.0477 0.0 20.771 0.173
SN700425 0.1849 0.0 23.471 0.139
SN710121 0.0844 0.0 22.004 0.140
SN620203 0.2931 0.0 24.512 0.130
SN580122 0.1298 0.0 22.805 0.107
SN641222 0.2090 0.0 23.725 0.151
SN780507 0.4137 0.0 25.105 0.166
SN591222 0.0119 0.0 17.682 0.148
SN740928 0.5988 0.0 26.037 0.139
SN690930 0.0250 0.0 19.406 0.155
SN730201 0.0317 0.0 19.789 0.145
SN801207 0.0641 0.0 21.428 0.139
SN680103 0.0988 0.0 22.023 0.227
SN630901 0.0676 0.0 21.386 0.140
SN680402 0.4283 0.0 25.404 0.161
SN720706 1.0934 0.0 27.162 0.155
SN681226 0.3496 0.0 24.946 0.127
SN731130 0.3903 0.0 25.303 0.146
SN591203 1.5060 0.0 27.745 0.146
SN600407 0.2817 0.0 24.479 0.171
SN640703 0.6399 0.0 26.198 0.128
SN580714 0.1472 0.0 23.025 0.146
SN680422 0.0812 0.0 21.642 0.191
SN640432 0.9671 0.0 27.118 0.128
SN790822 0.8629 0.0 26.549 0.156
SN750514 1.0051 0.0 26.990 0.124
SN681006 0.3882 0.0 24.888 0.173
SN560128 0.2792 0.0 24.438 0.132
SN610418 0.1533 0.0 23.459 0.213
SN701301 0.2665 0.0 24.273 0.165
SN640501 0.0042 0.0 15.499 0.130
SN731110 0.0264 0.0 19.421 0.118
SN690620 0.6363 0.0 25.922 0.135
SN790105 0.5127 0.0 25.733 0.145
SN730923 0.2487 0.0 24.239 0.189
SN740721 0.0360 0.0 19.945 0.192
SN620633 0.2376 0.0 24.135 0.121
SN670326 0.1287 0.0 22.632 0.132
SN731116 0.4394 0.0 25.216 0.139
SN661106 0.1497 0.0 22.987 0.136
SN570828 0.9523 0.0 27.180 0.145
SN620623 0.1070 0.0 22.427 0.142
SN571318 0.9322 0.0 26.964 0.148
SN770916 0.1817 0.0 23.227 0.120
SN640210 0.0112 0.0 17.718 0.152
SN611325 0.0424 0.0 20.429 0.125
SN671231 0.3210 0.0 24.744 0.106
SN800827 0.3012 0.0 24.190 0.217
SN770910 0.3526 0.0 24.783 0.151
SN600624 0.1480 0.0 23.036 0.139
SN720324 0.0324 0.0 19.830 0.205
SN601124 0.1075 0.0 22.518 0.111
SN651029 0.2668 0.0 24.424 0.167
SN790932 0.5423 0.0 25.853 0.120
SN710320 0.2116 0.0 23.913 0.149
SN791127 0.3604 0.0 25.158 0.116
SN721219 0.2600 0.0 24.296 0.262
SN660426 0.1356 0.0 22.899 0.138
SN621328 0.2492 0.0 24.108 0.146
SN600214 0.2868 0.0 24.380 0.169
SN650517 0.3600 0.0 24.821 0.135
SN801234 0.3211 0.0 24.620 0.118
SN580107 0.0594 0.0 20.874 0.130
SN780411 0.0319 0.0 19.891 0.158
SN590719 0.5957 0.0 25.917 0.132
SN580130 0.3099 0.0 24.452 0.118
SN690312 0.0325 0.0 20.017 0.148
SN560810 0.3222 0.0 24.658 0.107
SN620708 0.0065 0.0 16.394 0.169
SN720831 0.0136 0.0 18.051 0.142
SN720701 0.3245 0.0 24.359 0.131
SN720434 0.2147 0.0 23.595 0.155
SN680214 0.3707 0.0 24.853 0.154
SN620414 0.0405 0.0 20.417 0.126
SN750430 0.0737 0.0 21.623 0.112
SN700511 0.0383 0.0 20.294 0.197
SN691103 0.1505 0.0 23.064 0.183
SN710631 0.4052 0.0 25.190 0.128
SN770323 0.7769 0.0 26.941 0.232
SN600103 0.1991 0.0 23.580 0.205
SN721009 0.8475 0.0 26.495 0.107
SN781209 0.1754 0.0 23.083 0.139
SN561002 0.0420 0.0 20.146 0.168
SN661102 0.6082 0.0 25.938 0.136
SN650931 0.2413 0.0 24.165 0.131
SN660102 0.3038 0.0 24.865 0.126
SN560306 0.7541 0.0 26.427 0.156
SN691202 0.1133 0.0 22.766 0.133
SN600712 0.6709 0.0 26.371 0.156
SN701114 0.7937 0.0 26.672 0.114
SN690216 1.3754 0.0 27.479 0.258
SN681319 0.1322 0.0 22.937 0.132
SN570829 0.0620 0.0 21.222 0.237
SN730228 0.1466 0.0 23.167 0.128
SN790403 0.1931 0.0 23.345 0.198
SN681009 0.7315 0.0 26.496 0.161
SN671317 0.5620 0.0 25.816 0.120
SN750429 0.1431 0.0 22.940 0.150
SN651001 0.0449 0.0 20.423 0.130
SN780515 0.0571 0.0 20.918 0.116
SN661323 0.7445 0.0 26.290 0.133
SN581018 0.9301 0.0 26.858 0.141
SN740309 0.0779 0.0 21.831 0.131
SN761215 0.7050 0.0 26.309 0.126
SN670910 1.2126 0.0 27.406 0.177
SN570815 0.8016 0.0 26.547 0.147
SN571311 0.2052 0.0 23.740 0.133
SN790407 0.4787 0.0 25.321 0.181
SN710410 0.1147 0.0 22.832 0.150
SN770630 0.1095 0.0 22.632 0.331
SN750803 0.3897 0.0 25.319 0.111
SN671116 0.2526 0.0 24.133 0.181
SN610914 0.1029 0.0 22.234 0.127
SN761007 0.6284 0.0 26.049 0.119
SN640412 0.1312 0.0 22.890 0.139
SN760610 0.0105 0.0 17.354 0.131
SN750703 0.6228 0.0 25.886 0.216
SN730232 0.2530 0.0 24.103 0.192
SN761331 0.0526 0.0 20.876 0.135
SN731002 0.4917 0.0 25.438 0.118
SN771018 0.3178 0.0 24.723 0.140
SN741119 1.2062 0.0 27.236 0.109
SN561224 0.0275 0.0 19.555 0.134
SN570332 0.6421 0.0 26.069 0.128
SN770731 0.5381 0.0 25.628 0.187
SN740731 0.9655 0.0 26.993 0.129
SN600915 0.2242 0.0 24.262 0.119
SN750905 0.1690 0.0 23.493 0.114
SN720823 0.1638 0.0 23.377 0.128
SN570808 0.0469 0.0 20.999 0.224
SN751112 0.1549 0.0 23.249 0.116
SN680202 0.1584 0.0 23.319 0.163
SN561332 0.3055 0.0 24.693 0.127
SN621108 0.2985 0.0 24.585 0.142
SN801228 0.1166 0.0 22.391 0.117
SN590531 1.0966 0.0 27.061 0.164
SN720109 0.4894 0.0 25.756 0.133
SN690923 0.4822 0.0 25.496 0.140
SN750920 0.1103 0.0 22.358 0.118
SN560422 0.1894 0.0 23.788 0.103
SN790827 0.1437 0.0 23.056 0.112
SN610524 0.1013 0.0 22.163 0.124
SN800302 0.7680 0.0 26.539 0.191
SN720112 0.3524 0.0 24.995 0.128
SN730122 0.2211 0.0 23.718 0.182
SN710727 0.3519 0.0 24.984 0.124
SN791103 0.0313 0.0 19.656 0.097
SN720202 0.1041 0.0 22.425 0.138
SN720432 0.0960 0.0 21.890 0.160
SN781033 0.0374 0.0 20.327 0.143
SN580304 0.2716 0.0 24.466 0.137
SN751234 0.1621 0.0 23.339 0.132
SN670511 0.2277 0.0 24.023 0.130
SN661131 0.2281 0.0 23.998 0.117
SN620222 0.5805 0.0 25.809 0.145
SN801230 0.0206 0.0 19.038 0.120
SN580828 0.5660 0.0 25.519 0.159
SN791303 0.4575 0.0 25.227 0.223
SN701001 0.1085 0.0 22.403 0.122
SN710833 0.0604 0.0 21.168 0.128
SN650303 0.0644 0.0 21.511 0.183
SN710923 0.0192 0.0 18.624 0.156
SN640131 0.7614 0.0 26.478 0.075
SN611127 1.4400 0.0 27.696 0.205
SN730112 0.2657 0.0 24.256 0.122
SN730513 0.2706 0.0 24.498 0.130
SN781320 0.0864 0.0 21.729 0.158
SN660613 0.5962 0.0 25.810 0.136
SN630326 0.2123 0.0 23.523 0.122
SN680607 0.1011 0.0 22.353 0.116
SN771318 1.4721 0.0 27.548 0.162
SN600712 0.2285 0.0 23.935 0.141
SN641334 0.0659 0.0 21.548 0.280
SN720210 0.1569 0.0 23.249 0.216
SN790204 0.2020 0.0 24.026 0.132
SN660210 0.0570 0.0 21.015 0.152
SN630413 0.3803 0.0 25.107 0.180
SN790230 0.8161 0.0 26.450 0.169
SN780311 0.0781 0.0 21.745 0.127
SN570321 0.3263 0.0 24.765 0.181
SN731330 0.9948 0.0 27.101 0.138
SN710829 0.3541 0.0 24.906 0.157
SN751030 0.3727 0.0 25.084 0.175
SN700715 0.5878 0.0 25.917 0.139
SN771020 0.7455 0.0 26.479 0.126
SN620408 0.0918 0.0 22.117 0.250
SN650632 0.0295 0.0 19.738 0.142
SN590806 0.1142 0.0 22.610 0.134
SN751327 0.2236 0.0 23.857 0.106
SN570925 0.2901 0.0 24.536 0.138
SN791033 0.0939 0.0 22.104 0.130
SN800624 0.6543 0.0 26.333 0.272
SN660427 0.3875 0.0 25.115 0.133
SN781001 0.0106 0.0 17.590 0.109
SN630120 0.3262 0.0 24.557 0.107
SN800507 1.2594 0.0 27.222 0.104
SN740419 0.1211 0.0 22.755 0.231
SN600703 0.1093 0.0 22.458 0.195
SN610426 0.0509 0.0 20.852 0.100
SN600821 0.2113 0.0 23.760 0.214
SN720203 0.0433 0.0 20.441 0.125
SN700132 0.2804 0.0 24.344 0.126
SN700223 0.5142 0.0 25.595 0.110
SN731324 0.2968 0.0 24.783 0.122
SN721123 0.1146 0.0 22.602 0.136
SN600929 0.1335 0.0 22.736 0.126
SN600805 0.7662 0.0 26.603 0.127
SN690322 0.0438 0.0 20.356 0.116
SN760122 1.6977 0.0 27.867 0.147
SN591110 0.2481 0.0 24.120 0.141
SN791021 0.2777 0.0 24.160 0.144
SN801214 0.5461 0.0 25.906 0.168
SN770404 0.0291 0.0 19.539 0.124
SN760721 0.3099 0.0 24.529 0.145
SN620518 0.1431 0.0 22.981 0.136
SN631229 0.5978 0.0 25.952 0.155
SN640220 0.1315 0.0 22.799 0.147
SN561021 0.9569 0.0 26.762 0.168
SN790202 0.1147 0.0 22.466 0.166
SN560120 0.1595 0.0 23.049 0.160
SN790910 0.5243 0.0 25.743 0.150
SN610919 0.0790 0.0 21.837 0.134
SN641301 0.0313 0.0 20.005 0.159
SN640501 0.0154 0.0 18.094 0.187
SN680232 0.0397 0.0 20.178 0.190
SN631317 0.0787 0.0 21.611 0.143
SN650306 0.1117 0.0 22.469 0.134
SN681332 0.1384 0.0 22.914 0.153
SN590721 0.4913 0.0 25.614 0.117
SN740230 0.1315 0.0 23.029 0.181
SN770323 0.2109 0.0 23.823 0.115
SN660225 0.4490 0.0 25.267 0.174
SN631230 0.0831 0.0 21.652 0.130
SN720320 0.3861 0.0 25.056 0.154
SN800712 0.3374 0.0 24.885 0.110
SN731005 0.1087 0.0 22.205 0.116
SN651306 0.7971 0.0 26.646 0.119
SN630709 0.1216 0.0 22.942 0.166
SN610422 0.7672 0.0 26.269 0.116
SN641223 0.0288 0.0 19.228 0.168
SN590522 0.5098 0.0 25.466 0.141
SN560302 0.2825 0.0 24.244 0.228
SN720802 1.2158 0.0 27.331 0.197
SN590903 0.4875 0.0 25.460 0.144
SN600228 0.3517 0.0 24.952 0.156
SN671130 0.2362 0.0 24.273 0.121
SN610731 0.1579 0.0 23.260 0.191
SN670815 0.2692 0.0 24.355 0.164
SN600621 0.0086 0.0 16.768 0.135
SN590321 0.0488 0.0 20.699 0.144
SN780106 0.5715 0.0 26.198 0.222
SN680320 0.6241 0.0 25.982 0.209
SN710501 0.0451 0.0 20.469 0.195
SN570419 0.4507 0.0 25.724 0.184
SN641210 0.3900 0.0 25.160 0.185
SN800421 1.1228 0.0 27.279 0.155
SN780411 0.5759 0.0 25.973 0.153
SN610216 1.2828 0.0 27.455 0.142
SN670930 0.2808 0.0 24.271 0.163
SN700403 0.1663 0.0 23.319 0.135
SN710818 0.0138 0.0 18.092 0.115
SN650505 0.0336 0.0 19.837 0.132
SN631228 0.1201 0.0 22.740 0.127
SN701115 0.0664 0.0 21.015 0.235
SN641131 0.0176 0.0 18.691 0.174
SN791228 0.6154 0.0 25.722 0.116
SN681010 0.4479 0.0 25.344 0.171
SN650304 0.3393 0.0 24.779 0.185
SN680429 0.3917 0.0 24.981 0.132
SN731123 0.3535 0.0 25.026 0.123
SN681306 0.0672 0.0 21.333 0.151
SN790325 0.1071 0.0 22.345 0.139
SN651014 0.0153 0.0 18.362 0.146
SN630521 0.5687 0.0 25.801 0.149
SN710905 0.5160 0.0 25.530 0.132
SN670505 0.0126 0.0 17.753 0.155
SN780503 0.0596 0.0 21.310 0.133
SN770216 0.2267 0.0 23.917 0.113
SN621310 0.0574 0.0 21.095 0.155
SN660321 0.0436 0.0 20.490 0.111
SN580801 0.3492 0.0 24.781 0.116
SN790618 0.6538 0.0 26.208 0.122
SN571115 0.2148 0.0 23.935 0.160
SN731203 0.2174 0.0 23.839 0.121
SN740904 0.6903 0.0 26.057 0.119
SN760718 0.3691 0.0 24.887 0.185
SN720725 0.1543 0.0 23.137 0.116
SN581214 0.0324 0.0 19.483 0.140
SN750422 0.2431 0.0 23.921 0.122
SN660609 0.5522 0.0 25.690 0.139
SN640415 0.1851 0.0 23.663 0.189
SN721130 0.3303 0.0 24.739 0.214
SN700903 0.5091 0.0 25.622 0.202
SN771003 0.2827 0.0 24.446 0.145
SN621011 0.1080 0.0 22.660 0.119
SN671326 0.1515 0.0 23.325 0.186
SN780916 0.2163 0.0 23.831 0.138
SN770726 0.0491 0.0 20.897 0.151
SN620606 0.4776 0.0 25.506 0.165
SN761115 0.2371 0.0 24.101 0.181
SN690731 0.1241 0.0 22.792 0.144
SN690125 0.1294 0.0 22.838 0.113
SN680409 0.4494 0.0 25.082 0.150
SN710708 0.4237 0.0 25.307 0.109
SN690727 0.1534 0.0 23.089 0.141
SN771129 0.5014 0.0 25.483 0.116
SN590729 0.1131 0.0 22.370 0.146
SN590301 0.5492 0.0 25.529 0.145
SN731207 0.0561 0.0 21.023 0.137
SN571116 0.1372 0.0 22.924 0.171
SN770208 0.1690 0.0 23.326 0.157
SN800117 0.1418 0.0 23.003 0.115
SN700222 1.6713 0.0 28.036 0.131
SN560134 0.1024 0.0 22.242 0.117
SN740108 0.0299 0.0 19.701 0.141
SN730213 0.5305 0.0 25.818 0.229
SN670233 1.2311 0.0 27.316 0.143
SN651324 0.2607 0.0 24.492 0.117
SN710720 0.2191 0.0 23.872 0.100
SN750322 0.2243 0.0 23.935 0.099
SN640530 0.0194 0.0 18.777 0.114
SN620620 0.0909 0.0 21.901 0.149
SN720306 0.0187 0.0 18.856 0.130
SN620817 0.0021 0.0 14.007 0.148
SN720925 0.1062 0.0 21.916 0.230
SN730117 0.1702 0.0 23.429 0.100
SN631101 0.8793 0.0 26.764 0.140
SN620618 0.6447 0.0 26.067 0.124
SN701023 0.1110 0.0 22.353 0.169
SN670120 0.2703 0.0 24.249 0.116
SN570302 0.3161 0.0 24.403 0.174
SN760727 1.3525 0.0 27.805 0.240
SN630906 0.2079 0.0 23.569 0.185
SN700222 0.0449 0.0 20.602 0.167
SN711019 0.0549 0.0 21.168 0.139
SN650722 0.0873 0.0 21.787 0.099
SN710628 0.0329 0.0 19.759 0.115
SN651204 0.0945 0.0 22.029 0.142
SN760116 0.2071 0.0 23.858 0.127
SN770534 0.1755 0.0 23.781 0.160
SN750708 0.9256 0.0 26.774 0.133
SN560112 0.0368 0.0 19.995 0.164
SN600728 0.2577 0.0 24.153 0.134
SN560113 0.6922 0.0 26.301 0.156
SN640433 1.2330 0.0 27.665 0.135
SN701128 0.1714 0.0 23.321 0.131
SN580913 0.0475 0.0 20.690 0.140
SN701007 0.1720 0.0 23.244 0.142
SN660904 0.3261 0.0 24.767 0.124
SN730918 0.3143 0.0 24.604 0.169
SN580513 0.7093 0.0 26.019 0.166
SN610534 0.7065 0.0 26.158 0.165
SN580424 0.3262 0.0 24.806 0.123
SN691012 1.3125 0.0 27.378 0.123
SN700932 0.1217 0.0 22.843 0.186
SN750325 0.5473 0.0 25.881 0.191
SN750613 0.1407 0.0 23.199 0.163
SN650602 0.4386 0.0 25.406 0.143
SN651115 0.5303 0.0 25.491 0.131
SN740726 0.3122 0.0 24.620 0.164
SN571134 0.4159 0.0 25.140 0.150
SN590924 0.1043 0.0 22.264 0.135
SN700712 0.3197 0.0 24.431 0.179
SN601304 0.2732 0.0 24.517 0.162
SN770926 0.0621 0.0 21.341 0.156
SN681123 0.0355 0.0 19.926 0.120
SN600708 0.1838 0.0 23.516 0.117
SN570303 0.1407 0.0 22.982 0.162
SN671311 0.0023 0.0 14.231 0.113
SN641302 0.1352 0.0 22.788 0.128
SN681017 0.0423 0.0 20.341 0.133
SN590601 0.3920 0.0 25.332 0.133
SN680401 0.1416 0.0 23.090 0.143
SN620216 0.5886 0.0 25.943 0.174
SN700409 1.1654 0.0 27.391 0.231
SN710834 0.0724 0.0 21.496 0.198
SN570610 0.2304 0.0 24.094 0.158
SN641126 1.4881 0.0 27.509 0.146
SN690430 0.0771 0.0 21.556 0.115
SN590821 0.0629 0.0 21.261 0.120
SN641220 0.0293 0.0 19.595 0.129
SN780209 0.5828 0.0 25.849 0.137
SN650610 0.5661 0.0 25.836 0.128
SN580405 0.0406 0.0 20.361 0.110
SN660819 0.0225 0.0 18.824 0.105
SN640517 0.2749 0.0 24.205 0.145
SN620318 0.2019 0.0 24.244 0.280
SN621109 0.5436 0.0 25.776 0.131
SN600409 0.0642 0.0 21.197 0.214
SN620528 0.4943 0.0 25.727 0.131
SN580829 0.5511 0.0 25.598 0.133
SN780806 0.0216 0.0 18.861 0.114
SN620205 0.1166 0.0 22.545 0.244
SN600721 0.3842 0.0 25.018 0.131
SN790232 1.6390 0.0 27.938 0.144
SN570233 0.1794 0.0 23.559 0.115
SN620802 0.7146 0.0 26.256 0.166
SN641112 0.3398 0.0 24.961 0.152
SN590617 0.4674 0.0 25.518 0.194
SN740909 0.2309 0.0 24.131 0.138
SN800402 0.1979 0.0 23.683 0.174
SN760504 0.4358 0.0 25.311 0.143
SN590710 0.1115 0.0 22.550 0.152
SN560525 0.1189 0.0 22.553 0.154
SN740316 0.0686 0.0 21.366 0.106
SN591030 0.3929 0.0 25.007 0.130
SN700612 0.1605 0.0 22.916 0.154
SN741026 0.5699 0.0 25.702 0.148
SN640316 0.1333 0.0 22.620 0.133
SN701309 0.7013 0.0 26.257 0.170
SN721028 0.3020 0.0 24.430 0.163
SN591119 0.2604 0.0 24.111 0.129
SN571018 0.0666 0.0 21.469 0.103
SN641105 0.1867 0.0 23.523 0.269
SN711214 0.2866 0.0 24.353 0.140
SN690813 0.5966 0.0 26.174 0.196
SN670822 0.1182 0.0 22.651 0.162
SN720434 0.4206 0.0 25.167 0.130
SN630922 0.0313 0.0 19.948 0.135
SN561207 0.1056 0.0 22.341 0.197
SN710217 0.3190 0.0 24.743 0.112
SN640705 0.4413 0.0 25.422 0.130
SN791322 0.5143 0.0 25.509 0.169
SN621206 0.3567 0.0 24.868 0.126
SN630517 0.0623 0.0 21.314 0.120
SN701226 0.6626 0.0 25.962 0.135
SN780513 0.1665 0.0 23.344 0.117
SN730525 0.5587 0.0 25.870 0.125
SN751013 0.7101 0.0 26.288 0.101
SN560804 0.1288 0.0 22.616 0.147
SN671134 0.4216 0.0 25.059 0.117
SN640303 0.1599 0.0 23.173 0.150
SN790508 0.2926 0.0 24.458 0.139
SN650824 0.0144 0.0 18.176 0.190
SN560328 0.9548 0.0 26.825 0.118
SN581201 0.0275 0.0 19.444 0.114
SN751115 0.0402 0.0 20.311 0.113
SN641132 0.4227 0.0 25.252 0.102
SN570411 0.0540 0.0 20.997 0.141
SN710611 0.2941 0.0 24.594 0.218
SN700904 0.5101 0.0 25.610 0.116
SN791314 0.0173 0.0 18.623 0.134
SN701327 0.0171 0.0 18.421 0.105
SN740117 0.1471 0.0 23.287 0.136
SN730811 0.0339 0.0 20.046 0.248
SN610521 0.3386 0.0 24.834 0.107
SN660305 0.2429 0.0 24.299 0.149
SN770414 0.0229 0.0 19.030 0.136
SN801026 0.2220 0.0 23.880 0.122
SN770427 0.1293 0.0 22.863 0.167
SN770216 0.0868 0.0 21.752 0.105
SN711228 0.1917 0.0 23.390 0.154
SN570119 0.6961 0.0 26.229 0.118
SN570206 0.1632 0.0 23.083 0.106
SN620919 0.1896 0.0 23.426 0.142
SN660434 0.2556 0.0 24.417 0.159
SN710417 0.0222 0.0 18.997 0.128
SN800102 0.4475 0.0 25.702 0.207
SN721230 0.5827 0.0 26.005 0.156
SN750516 0.7670 0.0 26.307 0.152
SN750830 1.4326 0.0 27.520 0.136
SN680232 0.9650 0.0 26.762 0.126
SN731014 0.2027 0.0 23.738 0.173
SN590731 0.3749 0.0 24.716 0.120
SN580133 0.0072 0.0 16.571 0.154
SN680219 0.0717 0.0 21.631 0.205
SN620412 0.0328 0.0 20.021 0.124
SN560321 0.5215 0.0 25.605 0.108
SN590816 0.3487 0.0 24.841 0.174
SN591223 0.3353 0.0 24.770 0.135
SN720916 0.5475 0.0 26.024 0.136
SN740524 0.9346 0.0 26.761 0.157
SN751117 0.0266 0.0 19.379 0.116
SN800226 0.0428 0.0 20.483 0.187
SN660301 0.5857 0.0 25.848 0.116
SN760607 0.4720 0.0 25.298 0.150
SN790334 0.3333 0.0 24.953 0.129
SN580618 0.2068 0.0 23.764 0.209
SN670322 0.6017 0.0 26.225 0.233
SN630928 0.4303 0.0 25.543 0.157
SN570304 0.2120 0.0 23.680 0.113
SN641109 0.0741 0.0 21.630 0.110
SN600634 0.8794 0.0 26.759 0.155
SN790514 0.7133 0.0 26.346 0.120
SN760628 0.4647 0.0 25.479 0.188
SN761331 0.4667 0.0 25.427 0.165
SN710924 0.0762 0.0 21.616 0.125
SN690931 0.0293 0.0 19.976 0.134
SN570122 0.2341 0.0 24.018 0.116
SN751029 0.1866 0.0 23.526 0.201
SN591115 0.5197 0.0 25.800 0.172
SN720523 0.1717 0.0 23.555 0.225
SN600118 0.7902 0.0 26.566 0.197
SN591014 0.2218 0.0 23.733 0.140
SN710217 0.0251 0.0 19.424 0.113
SN641027 0.5882 0.0 25.944 0.155
SN660626 0.0949 0.0 22.020 0.141
SN730527 1.1593 0.0 27.156 0.126
SN670329 0.4596 0.0 25.358 0.145
SN651202 0.2080 0.0 23.709 0.118
SN770801 0.7632 0.0 26.627 0.149
SN571129 0.2436 0.0 23.957 0.185
SN760218 0.9751 0.0 26.800 0.133
SN560629 0.6813 0.0 26.229 0.150
SN800308 0.6337 0.0 25.981 0.121
SN700834 0.9352 0.0 26.982 0.120
SN640103 0.3008 0.0 24.570 0.145
SN560131 0.1073 0.0 22.756 0.183
SN561311 0.1281 0.0 22.802 0.116
SN770102 0.7851 0.0 26.374 0.127
SN761234 0.0704 0.0 21.522 0.136
SN790922 0.0311 0.0 19.748 0.095
SN630621 0.0847 0.0 21.738 0.132
SN710533 0.0524 0.0 20.886 0.150
SN780203 0.1111 0.0 22.610 0.124
SN740902 0.0111 0.0 17.464 0.147
SN761004 0.5301 0.0 25.637 0.124
SN651011 0.0538 0.0 20.745 0.140
SN730113 0.8526 0.0 26.555 0.140
SN791310 0.1835 0.0 23.305 0.192
SN621212 0.6236 0.0 26.056 0.119
SN730509 0.1300 0.0 22.754 0.128
SN771112 0.3212 0.0 24.722 0.118
SN591131 0.1513 0.0 23.310 0.229
SN800132 0.2410 0.0 24.129 0.094
SN750324 0.2089 0.0 23.701 0.235
SN591013 0.1864 0.0 23.687 0.185
SN690406 0.1060 0.0 22.293 0.149
SN740233 0.0990 0.0 22.295 0.132
SN640225 0.1143 0.0 22.604 0.105
SN801125 0.2886 0.0 24.446 0.118
SN640530 0.0866 0.0 21.890 0.165
SN671317 0.1671 0.0 23.227 0.121
SN791334 0.1336 0.0 23.056 0.111
SN621326 0.1928 0.0 23.548 0.138
SN790122 0.0887 0.0 21.787 0.160
SN591324 1.3450 0.0 27.355 0.203
SN561020 0.4723 0.0 25.764 0.146
SN640806 0.6367 0.0 26.220 0.127
SN651318 0.6815 0.0 26.062 0.125
SN791107 0.7799 0.0 26.340 0.159
SN730214 0.4117 0.0 25.092 0.149
SN750603 0.3359 0.0 24.767 0.161
SN740525 0.4562 0.0 25.459 0.132
SN701201 0.0242 0.0 18.796 0.188
SN771119 0.9101 0.0 26.775 0.154
SN781134 0.0352 0.0 20.270 0.127
SN750305 0.0087 0.0 17.060 0.163
SN591310 0.0933 0.0 21.913 0.127
SN770628 0.0883 0.0 22.083 0.122
SN650721 0.2275 0.0 23.929 0.152
SN771328 1.0003 0.0 27.060 0.125
SN630713 0.3586 0.0 25.058 0.156
SN771314 0.1021 0.0 22.439 0.128
SN740625 0.0051 0.0 15.898 0.105
SN580309 1.0054 0.0 27.218 0.150
SN690415 0.2434 0.0 23.874 0.144
SN570319 0.6888 0.0 26.353 0.186
SN570101 0.0457 0.0 20.693 0.114
SN610412 0.3024 0.0 24.697 0.143
SN560720 0.1529 0.0 23.135 0.130
SN650818 0.8688 0.0 26.832 0.135
SN701205 0.3198 0.0 24.754 0.139
SN790923 0.0250 0.0 19.167 0.121
SN720730 0.0653 0.0 21.339 0.160
SN770509 0.2631 0.0 23.832 0.190
SN670612 0.2940 0.0 24.665 0.183
SN731217 1.2567 0.0 27.592 0.134
SN640905 0.1070 0.0 22.499 0.122
SN740917 0.0099 0.0 17.356 0.150
SN760727 0.3328 0.0 24.758 0.100
SN801223 0.7669 0.0 26.651 0.138
SN660910 0.0376 0.0 20.392 0.162
SN720608 0.5080 0.0 25.680 0.128
SN580533 0.0739 0.0 21.832 0.126
SN601021 1.2502 0.0 27.374 0.103
SN700832 0.9964 0.0 26.980 0.163
SN671012 0.1204 0.0 22.283 0.131
SN610407 0.3354 0.0 24.873 0.182
SN571304 0.5286 0.0 25.457 0.215
SN680509 0.1325 0.0 23.013 0.219
SN681312 0.0401 0.0 20.304 0.156
SN620327 0.4439 0.0 25.551 0.115
SN660825 0.4320 0.0 25.496 0.134
SN740533 0.0578 0.0 21.135 0.126
SN740707 0.2000 0.0 23.738 0.140
SN720331 0.1274 0.0 22.737 0.118
SN591105 0.1800 0.0 23.568 0.228
SN790511 0.0110 0.0 17.541 0.174
SN770217 0.3328 0.0 24.458 0.146
SN721030 0.1448 0.0 23.086 0.117
SN720708 0.0068 0.0 16.418 0.118
SN640108 0.0264 0.0 19.432 0.124
SN650332 0.8054 0.0 26.647 0.181
SN580207 0.0231 0.0 19.441 0.247
SN801313 0.2419 0.0 24.126 0.104
SN640334 0.0569 0.0 21.201 0.140
SN570921 0.1309 0.0 22.721 0.130
SN560112 0.0100 0.0 17.663 0.131
SN601212 0.0200 0.0 18.679 0.124
SN640129 0.5951 0.0 25.990 0.138
SN780920 0.4610 0.0 25.288 0.121
SN790233 0.1339 0.0 22.690 0.137
SN760723 0.0987 0.0 22.094 0.178
SN720414 0.0229 0.0 19.086 0.121
SN730923 0.2092 0.0 23.797 0.155
SN800715 0.0651 0.0 21.379 0.147
SN560709 0.4794 0.0 25.435 0.154
SN640503 0.2465 0.0 24.234 0.114
SN801229 0.0700 0.0 21.499 0.104
SN620416 0.2074 0.0 23.835 0.129
SN711008 0.1832 0.0 23.335 0.183
SN700102 0.9141 0.0 26.843 0.125
SN720327 0.0537 0.0 21.063 0.119
SN791202 0.6430 0.0 25.928 0.191
SN560233 0.3412 0.0 24.772 0.124
SN800625 0.1831 0.0 23.475 0.129
SN780203 0.1568 0.0 23.177 0.117
SN631207 0.4192 0.0 25.225 0.237
SN671109 0.4789 0.0 25.290 0.133
SN620317 0.9345 0.0 26.752 0.137
SN710905 0.1337 0.0 22.931 0.117
SN650510 0.1461 0.0 23.503 0.119
SN560905 0.2564 0.0 24.119 0.110
SN780409 0.0948 0.0 22.072 0.124
SN800722 0.0788 0.0 21.794 0.099
SN751202 0.2369 0.0 24.095 0.138
SN741031 0.5275 0.0 25.304 0.123
SN580313 0.5116 0.0 25.373 0.135
SN590701 1.0276 0.0 27.022 0.120
SN611206 0.2275 0.0 23.954 0.117
SN710632 0.1465 0.0 23.091 0.130
SN560229 0.0163 0.0 18.431 0.142
SN680830 0.4327 0.0 25.000 0.152
SN790718 0.0989 0.0 22.427 0.170
SN730516 0.3976 0.0 25.019 0.182
SN580311 0.5141 0.0 25.680 0.150
SN630129 0.1880 0.0 23.526 0.134
SN801014 0.2587 0.0 24.200 0.167
SN590319 0.1040 0.0 22.114 0.212
SN691227 0.8347 0.0 26.595 0.178
SN730615 0.3142 0.0 24.505 0.141
SN730727 0.2036 0.0 23.905 0.136
SN660629 0.1832 0.0 23.358 0.209
SN781317 0.8796 0.0 26.808 0.147
SN680428 0.0702 0.0 21.183 0.152
SN751027 0.1536 0.0 23.056 0.217
SN690211 0.1740 0.0 23.364 0.133
SN600907 0.4736 0.0 25.601 0.172
SN750319 0.1410 0.0 23.092 0.112
SN761034 1.0399 0.0 27.206 0.167
SN710730 0.6699 0.0 26.113 0.185
SN580709 0.1879 0.0 23.386 0.167
SN610233 0.3264 0.0 24.856 0.127
SN600918 0.0371 0.0 20.071 0.119
SN660219 0.1839 0.0 23.531 0.121
SN781121 0.0246 0.0 19.316 0.125
SN670508 0.1491 0.0 23.001 0.240
SN790427 0.3073 0.0 24.408 0.154
SN650817 0.0622 0.0 21.209 0.116
SN690206 0.3581 0.0 25.035 0.234
SN571323 0.5004 0.0 25.661 0.162
SN570518 0.3304 0.0 24.687 0.139
SN800430 0.7228 0.0 26.347 0.145
SN630113 0.6147 0.0 26.106 0.154
SN680818 0.0608 0.0 21.325 0.134
SN770931 0.3445 0.0 24.553 0.139
SN800209 0.0197 0.0 18.729 0.132
SN670203 0.1714 0.0 23.298 0.126
SN760915 0.1773 0.0 23.736 0.138
SN710729 0.3438 0.0 24.736 0.160
SN611215 0.1818 0.0 23.361 0.110
SN571108 0.3486 0.0 24.568 0.198
SN681322 0.1991 0.0 23.561 0.138
SN731324 0.0534 0.0 20.951 0.151
SN721130 0.0579 0.0 21.075 0.149
SN570314 0.0327 0.0 19.860 0.130
SN590225 0.6655 0.0 26.325 0.237
SN700620 0.2001 0.0 23.477 0.123
SN600930 0.2681 0.0 24.368 0.136
SN660132 0.0837 0.0 21.833 0.134
SN751127 0.0399 0.0 20.564 0.139
SN601225 0.1347 0.0 23.046 0.186
SN610434 0.1634 0.0 23.227 0.104
SN681316 0.2225 0.0 23.963 0.111
SN720220 0.1967 0.0 23.637 0.133
SN571207 0.5257 0.0 25.597 0.124
SN560315 0.0620 0.0 21.264 0.129
SN780520 0.1659 0.0 23.224 0.167
SN661023 0.2833 0.0 24.367 0.138
SN711125 0.5508 0.0 25.824 0.150
SN650601 0.6862 0.0 26.380 0.161
SN730828 0.1006 0.0 22.401 0.129
SN711029 0.3271 0.0 24.768 0.117
SN621128 0.1063 0.0 22.351 0.127
SN710803 0.0779 0.0 21.844 0.156
SN760717 0.1347 0.0 23.002 0.122
SN730523 0.3409 0.0 24.738 0.138
SN721104 0.1149 0.0 22.546 0.164
SN660803 1.1370 0.0 27.234 0.216
SN640403 0.0526 0.0 20.566 0.147
SN690629 0.2592 0.0 24.266 0.124
SN650818 0.6530 0.0 26.123 0.162
SN731019 0.1066 0.0 22.217 0.136
SN780427 0.2219 0.0 23.957 0.092
SN681023 0.7211 0.0 26.341 0.101
SN651012 0.1493 0.0 22.958 0.226
SN800918 1.2950 0.0 27.285 0.146
SN660713 0.3145 0.0 24.831 0.153
SN791112 0.3471 0.0 24.765 0.133
SN650927 1.0101 0.0 26.738 0.171
SN600118 0.0177 0.0 18.500 0.190
SN650704 0.3277 0.0 24.899 0.175
SN680625 0.0211 0.0 18.914 0.139
SN730530 0.2708 0.0 24.397 0.112
SN640407 0.9321 0.0 26.742 0.455
SN650112 1.0961 0.0 27.369 0.137
SN720402 0.2371 0.0 23.957 0.162
SN701301 1.3508 0.0 27.877 0.159
SN800120 0.0978 0.0 22.019 0.126
SN631301 0.5420 0.0 25.879 0.128
SN620934 0.3562 0.0 25.098 0.136
SN570120 0.0283 0.0 19.756 0.173
SN790430 0.0188 0.0 18.690 0.115
SN800604 0.4556 0.0 25.308 0.165
SN670806 0.3234 0.0 24.706 0.141
SN650205 0.1108 0.0 22.606 0.175
SN691203 0.0031 0.0 14.820 0.128
SN581117 0.6799 0.0 25.764 0.177
SN650724 0.6581 0.0 26.182 0.106
SN710422 0.1182 0.0 22.798 0.133
SN760718 0.2133 0.0 24.167 0.161
SN751323 0.3991 0.0 24.890 0.150
SN621019 0.1969 0.0 23.842 0.138
SN750115 0.0994 0.0 22.060 0.161
SN571317 0.2867 0.0 24.607 0.176
SN761107 0.0072 0.0 16.612 0.123
SN620613 0.3544 0.0 25.034 0.158
SN590134 0.0791 0.0 21.863 0.125
SN750804 0.5324 0.0 25.691 0.201
SN710117 0.0730 0.0 21.549 0.126
SN700823 0.2181 0.0 23.911 0.106
SN790110 0.1148 0.0 22.767 0.166
SN570907 0.0997 0.0 22.203 0.218
SN750618 0.0839 0.0 21.865 0.167
SN680601 0.0070 0.0 16.610 0.158
SN610922 0.0635 0.0 21.291 0.203
SN631231 0.2963 0.0 24.461 0.132
SN781103 1.3152 0.0 27.567 0.111
SN650305 0.5711 0.0 25.927 0.128
SN581108 0.5321 0.0 25.409 0.143
SN661307 0.1030 0.0 22.308 0.122
SN710622 1.1047 0.0 27.308 0.144
SN781206 0.0594 0.0 21.037 0.165
SN710110 1.8142 0.0 28.165 0.157
SN760701 0.3858 0.0 24.847 0.150
SN711103 0.0554 0.0 21.301 0.177
SN560526 0.0342 0.0 20.030 0.138
SN650616 0.0109 0.0 17.637 0.269
SN780315 0.1374 0.0 22.721 0.148
SN571321 0.3442 0.0 24.623 0.123
SN780804 0.1564 0.0 23.183 0.119
SN790210 0.5346 0.0 25.622 0.142
SN761305 0.0760 0.0 21.797 0.155
SN620811 0.0514 0.0 20.919 0.160
SN781209 0.0227 0.0 19.077 0.137
SN791205 0.6154 0.0 26.168 0.119
SN650929 0.0007 0.0 11.697 0.128
SN650208 1.6567 0.0 27.951 0.112
SN610202 0.4562 0.0 25.538 0.141
SN790106 0.1320 0.0 22.909 0.165
SN600733 0.9398 0.0 27.093 0.198
SN761009 0.0662 0.0 21.328 0.103
SN780807 0.2276 0.0 24.280 0.171
SN711320 0.1351 0.0 23.062 0.143
SN741334 1.2923 0.0 27.351 0.108
SN801324 0.1101 0.0 22.428 0.188
SN700508 0.6752 0.0 26.102 0.155
SN640417 0.0588 0.0 20.990 0.196
SN740930 0.6258 0.0 26.208 0.170
SN590623 0.4575 0.0 25.778 0.136
SN660104 0.6199 0.0 25.995 0.128
SN721330 0.2333 0.0 23.950 0.113
SN571323 0.5887 0.0 25.661 0.178
SN780710 0.0473 0.0 20.939 0.161
SN720832 0.1321 0.0 22.923 0.123
SN630829 0.1085 0.0 22.576 0.133
SN721015 0.2460 0.0 23.658 0.160
SN760804 0.6137 0.0 25.714 0.223
SN610412 0.0252 0.0 19.065 0.124
SN570908 0.5406 0.0 25.757 0.106
SN710927 0.1348 0.0 22.898 0.096
SN621213 1.4589 0.0 27.629 0.115
SN670503 0.3623 0.0 24.725 0.148
SN560305 0.3448 0.0 24.554 0.127
SN741217 0.2199 0.0 24.033 0.126
SN641110 0.3916 0.0 25.152 0.136
SN700806 0.1503 0.0 23.093 0.167
SN571320 0.0368 0.0 20.061 0.157
SN590418 0.5563 0.0 25.766 0.139
SN761115 0.1667 0.0 23.244 0.107
SN660917 0.1687 0.0 23.160 0.125
SN671001 0.7209 0.0 26.165 0.152
SN750701 0.2107 0.0 23.975 0.138
SN560711 0.4957 0.0 25.399 0.228
SN580119 0.0909 0.0 22.114 0.137
SN630724 0.6047 0.0 25.823 0.132
SN720818 0.7818 0.0 26.428 0.132
SN710523 0.6418 0.0 26.152 0.136
SN721103 0.3184 0.0 24.777 0.097
SN660506 0.0046 0.0 15.666 0.116
SN681113 0.0049 0.0 15.785 0.108
SN611122 0.2911 0.0 24.271 0.134
SN711308 1.0693 0.0 27.067 0.153
SN780616 1.3335 0.0 27.529 0.150
SN791321 0.1193 0.0 22.426 0.161
SN560402 0.1725 0.0 23.189 0.134
SN580807 0.1418 0.0 22.907 0.096
SN580833 0.4157 0.0 25.349 0.134
SN701033 0.8162 0.0 26.554 0.155
SN560722 0.2934 0.0 24.787 0.145
SN571133 0.2576 0.0 24.100 0.129
SN771228 0.0752 0.0 21.732 0.128
SN590626 0.0679 0.0 21.418 0.162
SN661327 0.0866 0.0 21.627 0.163
SN801306 0.0174 0.0 18.707 0.144
SN620402 0.6146 0.0 25.942 0.118
SN740827 0.4206 0.0 25.257 0.138
SN750826 0.0172 0.0 18.522 0.147
SN791022 0.2333 0.0 23.508 0.259
SN570734 0.4838 0.0 25.322 0.121
SN641005 0.2105 0.0 23.564 0.157
SN640312 0.1576 0.0 23.081 0.136
SN780824 0.3803 0.0 24.756 0.187
SN630932 0.0121 0.0 17.514 0.236
SN580510 0.5485 0.0 25.648 0.138
SN740413 1.2981 0.0 27.347 0.186
SN660319 0.3343 0.0 24.629 0.101
SN780717 0.0103 0.0 17.208 0.186
SN751033 0.2214 0.0 23.827 0.111
SN580113 0.0414 0.0 20.523 0.135
SN610132 0.0934 0.0 22.008 0.115
SN600914 0.1169 0.0 22.671 0.163
SN790207 0.2521 0.0 24.697 0.157
SN660110 0.7272 0.0 26.299 0.144
SN560621 0.8795 0.0 26.613 0.129
SN691102 0.4255 0.0 25.577 0.166
SN600613 0.6045 0.0 26.011 0.153
SN750406 0.3233 0.0 24.619 0.109
SN700401 0.5259 0.0 25.712 0.161
SN781015 0.7740 0.0 26.195 0.196
SN750430 0.3478 0.0 24.673 0.129
SN701311 0.5829 0.0 25.879 0.139
SN621018 0.1391 0.0 23.154 0.182
SN711313 0.0199 0.0 18.416 0.252
SN720721 0.4294 0.0 25.036 0.164
SN640227 0.7043 0.0 26.199 0.175
