0.06173 4.45334 0.250
0.28946 6.00556 0.250
0.44924 7.93226 0.250
0.59203 9.53946 0.250
0.75703 12.82187 0.250
0.84769 14.75774 0.250
0.86648 14.89892 0.250
0.90905 16.01297 0.250
1.01640 19.30334 0.250
1.16495 23.59289 0.250
1.33031 30.40236 0.250
1.35925 31.33341 0.250
1.37219 32.26658 0.250
1.40535 33.42300 0.250
1.51705 40.01327 0.250
1.62466 46.75055 0.250
1.67651 50.37283 0.250
1.67958 50.84732 0.250
1.74787 55.91110 0.250
1.76913 57.77255 0.250
1.79996 60.77209 0.250
1.80209 61.44379 0.250
1.87635 68.10207 0.250
1.89097 69.81895 0.250
1.92868 73.22254 0.250
