1.56043 24.56454 0.250
4.94369 80.42055 0.250
9.72725 536.55258 0.250
10.05207 594.41660 0.250
11.76586 972.43181 0.250
13.42904 1473.77631 0.250
13.92488 1651.87717 0.250
23.38125 8395.83595 0.250
28.36169 15309.03264 0.250
30.83132 19830.81539 0.250
33.20979 24955.69747 0.250
35.10465 29620.20798 0.250
37.74654 37047.96841 0.250
39.73346 43387.15583 0.250
40.36694 45551.00173 0.250
44.67005 62183.70136 0.250
48.40512 79550.28863 0.250
50.68309 91584.80386 0.250
51.70296 97344.36464 0.250
57.69332 136113.03005 0.250
65.49290 200429.08198 0.250
73.18915 281159.52394 0.250
86.58310 468675.21607 0.250
90.19017 530518.19625 0.250
92.64896 575649.55020 0.250


























