0.482 0.153 0.365 red
0.435 0.549 0.016 green
0.404 0.533 0.063 green
0.502 0.282 0.212 red
0.376 0.553 0.071 green
0.047 0.169 0.788 blue
0.494 0.133 0.376 blue
0.067 0.533 0.400 green
0.627 0.302 0.071 red
0.173 0.565 0.263 green
0.478 0.380 0.141 green
0.529 0.165 0.306 red
0.353 0.275 0.373 blue
0.035 0.125 0.839 blue
0.067 0.569 0.365 green
0.290 0.655 0.055 green
0.071 0.024 0.906 blue
0.322 0.514 0.165 green
0.059 0.529 0.408 green
0.282 0.459 0.255 green
0.086 0.486 0.431 blue
0.173 0.573 0.255 green
0.455 0.322 0.224 red
0.553 0.416 0.031 green
0.051 0.063 0.886 blue
0.110 0.302 0.588 blue
0.251 0.024 0.725 blue
0.067 0.663 0.275 green
0.192 0.224 0.584 blue
0.490 0.212 0.298 red
0.125 0.243 0.631 blue
0.118 0.494 0.388 green
0.071 0.675 0.255 green
0.733 0.024 0.247 red
0.392 0.141 0.467 blue
0.396 0.353 0.251 green
0.004 0.184 0.812 blue
0.612 0.063 0.322 red
0.361 0.459 0.180 green
0.639 0.137 0.227 red
0.467 0.298 0.235 red
0.725 0.141 0.133 red
0.824 0.145 0.031 red
0.078 0.824 0.098 green
0.004 0.557 0.439 green
0.216 0.294 0.490 blue
0.663 0.298 0.039 red
0.494 0.494 0.008 green
0.176 0.176 0.647 blue
0.400 0.184 0.420 blue
0.129 0.678 0.188 green
0.702 0.027 0.271 red
0.086 0.808 0.106 green
0.224 0.157 0.620 blue
0.459 0.471 0.075 green
0.835 0.141 0.020 red
0.188 0.314 0.502 blue
0.518 0.204 0.278 red
0.620 0.090 0.290 red
0.078 0.435 0.486 green
0.573 0.149 0.278 red
0.173 0.216 0.616 blue
0.380 0.208 0.412 blue
0.349 0.565 0.090 green
0.573 0.408 0.024 green
0.424 0.290 0.282 green
0.016 0.141 0.843 blue
0.353 0.075 0.576 blue
0.145 0.659 0.196 green
0.165 0.090 0.749 blue
0.255 0.655 0.086 green
0.302 0.235 0.463 blue
0.098 0.694 0.204 green
0.424 0.392 0.184 green
0.129 0.376 0.498 blue
0.129 0.020 0.855 blue
0.255 0.592 0.157 green
0.008 0.137 0.851 blue
0.125 0.588 0.286 green
0.773 0.161 0.067 red
0.741 0.039 0.224 red
0.145 0.110 0.745 blue
0.145 0.431 0.424 green
0.373 0.369 0.255 green
0.373 0.424 0.204 green
0.514 0.169 0.318 red
0.353 0.169 0.478 blue
0.027 0.294 0.678 blue
0.561 0.220 0.220 red
0.169 0.573 0.259 green
0.510 0.314 0.176 red
0.306 0.275 0.416 blue
0.114 0.157 0.729 blue
0.455 0.459 0.086 green
0.153 0.643 0.204 green
0.498 0.275 0.227 red
0.161 0.471 0.365 green
0.145 0.349 0.506 blue
0.329 0.161 0.510 blue
0.580 0.141 0.278 red
0.478 0.090 0.431 red
0.220 0.698 0.082 green
0.380 0.141 0.478 blue
0.106 0.525 0.369 green
0.545 0.282 0.176 red
0.404 0.310 0.290 green
0.110 0.365 0.522 blue
0.251 0.569 0.180 green
0.675 0.086 0.239 red
0.008 0.796 0.192 green
0.635 0.035 0.325 red
0.439 0.529 0.031 green
0.651 0.133 0.216 red
0.227 0.580 0.192 green
0.208 0.463 0.329 green
0.153 0.784 0.059 green
0.333 0.090 0.576 blue
0.153 0.447 0.400 blue
0.192 0.451 0.353 blue
0.161 0.243 0.592 blue
0.518 0.475 0.004 green
0.420 0.224 0.357 red
0.243 0.165 0.596 blue
0.620 0.027 0.353 red
0.451 0.129 0.420 red
0.396 0.267 0.341 blue
0.416 0.227 0.361 blue
0.302 0.388 0.306 green
0.067 0.282 0.647 blue
0.667 0.310 0.024 red
0.388 0.224 0.388 blue
0.757 0.141 0.102 red
0.125 0.090 0.784 blue
0.635 0.129 0.235 red
0.169 0.525 0.306 green
0.808 0.004 0.192 red
0.224 0.553 0.220 green
0.420 0.208 0.373 blue
0.051 0.400 0.553 blue
0.251 0.337 0.412 blue
0.016 0.945 0.039 green
0.110 0.376 0.518 blue
0.086 0.804 0.110 green
0.306 0.282 0.416 blue
0.518 0.078 0.404 red
0.349 0.627 0.020 green
0.773 0.071 0.161 red
0.157 0.639 0.208 green
0.314 0.557 0.133 green
0.294 0.349 0.361 blue
0.039 0.357 0.604 blue
0.341 0.259 0.400 blue
0.706 0.114 0.180 red
0.592 0.353 0.059 green
0.212 0.251 0.537 blue
0.596 0.357 0.043 red
0.443 0.455 0.102 green
0.714 0.227 0.059 red
