  0.19   1.29
  0.51  -0.33
  0.12   1.57
  0.41   1.18
  0.57  -0.21
  0.07   0.33
  0.31   0.66
  0.30   1.14
  0.36   1.22
  0.69   0.92
  0.70   1.38
  0.54   0.78
  0.09   0.86
  0.80   0.45
 -0.04   1.50
  0.19   0.86
  0.25   1.11
  0.72   1.19
  0.45   0.97
  0.35   0.71
 -0.03   1.50
  0.23   1.16
  0.11   1.59
  0.40   0.86
  0.51   0.65
  0.30   1.37
  0.26  -0.19
  0.62   0.29
  0.65   0.44
  0.58   1.51
 -0.01   0.97
  0.44   0.30
 -0.53   1.05
  0.32   0.67
  0.35   0.83
  0.76   1.29
  0.31   0.98
  0.46   0.32
  0.47   0.49
  0.72   0.55
  0.40   0.58
  0.35   0.96
  0.05   0.78
  0.18   1.22
  0.23   0.83
  0.50   0.75
  0.11   1.31
  0.33   0.96
  0.61   0.62
  0.40   0.30
  1.00   0.65
  0.95   0.30
  0.43   0.50
  0.44   0.29
  0.18   1.84
  0.31   0.57
  0.38   0.91
 -0.00   1.63
  0.28   0.44
  0.77   1.00
  0.68   0.33
  0.63   1.10
  0.51   1.11
  0.04   0.65
  0.79   0.66
  0.20   0.96
  0.36   0.16
  0.66   0.65
  0.51   0.15
  0.89   0.73
  0.34   0.18
  0.68   0.32
  0.50   0.52
  0.63   1.06
  0.17  -0.05
  0.33   0.99
  0.24   0.02
  0.76   0.52
  0.31   0.39
  0.86   0.88
  0.27   0.56
 -0.24   0.75
  0.43   1.40
  0.73   0.91
  0.27   0.30
  0.27   0.78
  0.61   0.76
  0.14   0.33
  0.31   1.66
  0.07   0.44
  0.69   1.53
  0.18   0.41
  0.83   0.94
  0.48   0.98
  0.67   1.34
  0.20   0.75
  0.38   0.67
  0.35   1.08
  0.66   0.45
  0.03  -0.12
  0.26   1.44
  0.56   1.05
  0.45   1.34
  0.60   0.62
  0.21   0.54
  0.93   0.53
  0.65   0.60
  0.55   0.60
  0.87   0.53
 -0.44   0.94
  0.10   0.72
  0.24   0.63
  0.37   2.02
  0.32   0.21
  0.54   0.51
  0.36   1.83
  0.63   0.94
  0.72   0.85
  0.09   0.64
  0.62   0.72
  0.33   0.74
  0.61   1.48
  0.67   0.54
  0.65   1.07
  0.52   1.00
  0.05   0.36
  0.33   1.56
  0.29   0.71
  0.36   0.86
  0.74  -0.23
  0.26   0.99
  0.23   0.99
  0.22   1.62
  0.40   0.46
  0.33   0.33
  0.31   0.82
  0.46   0.27
  0.37   0.81
  0.06   0.94
  0.38   0.79
  0.27   0.67
  0.34   0.50
  0.05   0.58
  0.85   0.73
  0.92   0.61
  0.70  -0.08
  0.06   0.50
  0.59   2.21
  0.28   1.60
  0.64   0.70
  0.55   1.16
  0.42   1.29
  0.41   0.30
  0.58   0.31
  0.60   0.87
  0.74   0.70
  0.80   0.89
  0.06   0.97
  0.40   0.74
  0.46   1.25
  0.88   1.25
 -0.19   0.07
  0.56   1.12
 -0.07   0.80
  0.81   0.68
  0.58   0.76
  1.01   1.13
  0.09   1.50
  0.16   0.56
  0.33   0.48
  0.51   0.75
  0.18   0.16
 -0.17   1.85
  0.66   0.10
  0.05   0.27
  0.64   0.78
 -0.09   0.96
  0.22   0.75
  0.58   0.67
  0.48   1.51
 -0.05   1.34
  0.20   0.77
  0.20   1.05
  0.91   1.22
  0.43   0.77
  0.36   1.17
  0.62   1.03
  0.47   0.40
  0.26   1.14
  0.19   1.05
  0.57   0.68
 -0.12   1.57
  0.33   1.73
  0.07   0.98
  0.23  -0.26
  0.76   1.83
 -0.02   1.22
  0.24   0.07
  0.33   1.18
  0.10   1.14
  0.51   0.84
  0.89   0.67
  0.13   1.02
  0.14   0.44
  0.37   1.07
 -0.01   1.16
  0.09   0.48
  0.82   1.29
  0.31   0.81
 -0.04   1.02
  1.05   0.59
  0.72   0.67
  0.53   0.52
  0.79   0.71
  0.79   1.15
  0.35   0.05
  0.42   1.00
  0.54   1.19
  0.48   1.09
  0.42   1.21
  0.81   0.53
  0.83   0.68
  0.20   1.42
  0.18   0.69
  0.41  -0.55
  0.47   0.16
  0.34   0.63
  0.40   1.14
  0.07   0.62
  0.18   1.40
  0.45   0.83
  0.36   1.05
  0.58   1.15
  0.21   0.91
  0.18   0.80
  0.14   1.37
  0.54   1.28
  0.43  -0.07
  0.17   1.28
  0.62   1.23
  0.15   1.79
  0.02   0.88
  0.01   1.24
  0.61   0.75
 -0.10   1.64
  0.62   1.61
  0.89   0.56
  0.04   1.00
  0.27   0.96
  0.07   0.88
  0.38   1.78
  0.22   0.92
  0.31   0.39
  0.50   0.95
  0.60   0.83
  0.57   1.64
  0.12   0.51
  0.74   1.30
  0.29   1.26
  0.10   1.27
  0.39   1.23
  0.23   0.26
  0.34   0.62
  0.61   0.58
  0.52   1.58
  0.28   1.59
  0.27   1.67
  0.49   0.67
 -0.18   0.85
  0.32   1.15
  0.19   0.08
  0.60   1.38
  0.49   1.03
  0.28   0.94
  0.39   0.52
  0.26   1.16
  0.72   2.16
  0.33   0.38
  1.14   1.13
  0.09   0.69
  0.34   0.63
  0.77   1.23
  0.65   0.93
  0.54   1.32
  0.32   0.51
  0.60   0.83
  0.30  -0.44
  0.42   0.89
  0.86   0.69
  0.15   0.88
  0.82   0.55
  0.15   1.36
  0.15   1.37
 -0.09   0.97
  0.62   1.71
  0.24   1.67
  0.26   0.73
  0.66   0.39
  0.28   0.54
  0.45   0.55
  0.73   0.50
 -0.10   0.03
  0.32   0.82
  0.68   1.53
  0.00   1.05
  0.56  -0.19
  0.29   1.09
  0.36   0.16
  0.64   0.63
  0.70   0.80
  0.29  -0.38
  0.04   0.70
  0.11   1.19
  0.36   0.88
  0.86   0.55
  0.74   0.13
  0.51   0.92
  0.42   1.67
  0.77   0.93
  0.44   0.04
  0.31   1.01
  0.51   0.90
  0.77   0.67
 -0.01   0.68
  0.84   1.17
  0.65   0.87
  0.63   1.29
  0.52   1.13
  0.45   0.81
  0.76   1.02
  0.40   0.79
  0.24   0.93
  0.16   1.34
  0.45   0.90
  0.75   0.84
  0.72  -0.14
  0.78   0.19
  0.58   0.89
  0.18   1.28
  0.14   0.59
  0.54   1.15
  0.45   0.31
  0.37   1.13
  0.66   0.33
  0.42   0.13
  0.37   0.98
  0.17   0.90
  0.36   0.87
  0.55   1.26
  0.33   1.80
  0.91   0.79
  0.57   0.60
  0.68   1.35
  0.75   0.40
  0.56   0.36
  0.34   1.42
  0.31   1.20
  0.50   0.73
  0.54   1.05
  0.74   1.01
  0.79   1.02
  0.48   0.51
  0.21   1.52
  0.12   1.46
  0.25   1.35
  0.57   1.63
  0.38   0.14
  0.61   0.14
  0.77   1.26
  0.38   0.92
  0.67   0.64
  0.53   1.32
 -0.00   0.31
  0.29   0.65
  0.75   0.04
  0.46   2.41
  0.38   0.73
  0.62   1.39
  0.35   0.98
  0.42   0.50
  0.38   1.67
  0.49   0.83
  0.53  -0.20
  0.18   0.25
  0.35   0.29
  0.13   0.78
  0.48   0.60
  0.13   0.86
  0.43   0.53
  0.77   1.04
  0.35   0.65
  0.54   0.89
  0.79   0.08
  0.34   0.87
  0.32  -0.16
  0.27   0.84
  0.55   0.23
  0.21   0.92
  0.24   0.60
  0.60   0.88
  0.67   1.45
  0.31   0.22
  0.07   0.37
  0.63   0.66
  0.22   0.49
  0.30   0.90
  0.63   1.08
  0.29   1.72
  0.39   0.43
  0.82   1.54
  0.40   1.29
  0.16   0.93
  0.13   1.37
  0.39   0.98
  0.85   1.13
  0.37   0.72
  0.45   0.94
 -0.15   0.88
  0.53   0.35
  0.52   1.84
 -0.04   0.39
  0.33   0.94
  0.21   0.72
  0.19   0.23
  0.85   0.81
  0.34   0.51
  0.47   1.17
  0.54   0.94
  0.58   0.64
  0.05   0.90
  0.20   1.51
 -0.08   0.24
  0.59   0.73
  0.56   0.31
  0.80   1.25
  0.05   1.00
  0.80   0.22
  0.59   1.33
  0.31   1.33
  0.41  -0.25
  0.34   1.45
  0.72   0.40
  0.36   0.76
  0.37   0.49
  0.39   0.75
  0.55   0.37
  0.43   0.72
  0.11   2.01
  0.02   1.15
  0.13   1.13
  0.87   1.53
  0.40   0.21
 -0.00   0.72
  0.42   0.54
  0.53   1.57
  0.45   1.16
  0.64   1.28
  0.73   0.25
  0.74   1.00
  0.34   0.58
  0.15   1.01
  0.76   1.91
  0.24   0.49
  0.07   0.79
  0.38   0.66
  0.32   0.29
  0.19   1.36
  0.80   0.13
  0.72   1.16
  0.45   0.41
  0.31   0.54
  0.04   1.04
  0.40   0.40
 -0.01   0.67
 -0.24   1.13
  0.37   1.06
  0.42   1.00
  0.19   0.53
  0.13   0.86
  0.85   0.98
  0.26   0.46
  0.33   1.01
  0.12   0.76
  0.98   0.02
  0.58   0.53
  0.06   0.62
  0.43   0.17
  0.60   0.84
  0.46   0.13
  0.81   0.49
 -0.16   0.93
  0.77   0.96
  0.16   0.75
  0.18   1.92
  0.64   0.34
  0.47   1.22
  0.33   0.92
  0.20   0.88
 -0.03   0.79
  0.08   0.24
  0.60   0.79
 -0.13   0.59
  0.56   1.01
  0.51  -0.02
  0.43   0.31
  0.49   0.50
  0.40   0.60
  0.37   0.67
  0.30   0.78
  0.70   1.17
  0.73   0.03
  0.16   0.72
  0.24   2.15
  0.38   1.44
  0.13   1.19
  0.76   0.85
  0.28   1.41
  0.46   1.20
  0.04   1.03
  0.42   1.88
  0.19   0.86
  0.29   0.01
  0.58   1.45
  0.27   1.18
  0.70   1.12
  0.69  -0.15
  0.30   0.97
  0.28   0.09
  0.18   0.70
  0.39   1.16
  0.72   0.67
  0.35   0.74
 -0.11   0.80
  0.33   1.61
  0.43   0.92
  0.47   0.80
  0.91   0.78
  0.40   0.63
  0.26   0.80
 -0.04   0.98
  0.14   0.35
  0.43   0.91
  0.52   0.80
  0.31   0.97
  0.61   0.34
  0.07   0.74
  0.59   1.20
  0.44   0.86
  0.24   1.30
  0.52   1.24
  0.84   0.45
  0.78   1.73
  0.64   0.86
  0.24   0.64
  0.79   1.40
  0.06   1.14
  0.57   1.21
  0.10   1.31
  0.34  -0.34
  0.13   1.35
  0.44   1.00
  0.25   0.07
  0.50   1.17
  0.22   0.80
  0.23   1.27
  0.79   0.85
  0.46   0.65
  0.34   0.50
  0.18   1.60
 -0.15   1.76
  0.60   0.79
  0.29   1.22
  0.10   2.32
  0.10   1.26
  0.71   1.33
  0.41   0.60
  0.15  -0.01
  0.28   0.92
  0.28   1.17
  0.67   1.08
  0.46   1.65
  0.36   1.08
  0.55   1.29
  0.69   0.68
  0.28   1.46
  0.19   0.38
  0.70   1.21
  0.49   0.36
  0.28   0.64
  0.54   0.61
  0.34   1.00
  0.12   1.45
  0.27   0.92
  0.24   0.54
  0.29   1.59
  0.54   1.23
  0.55   0.93
  0.56   0.85
  0.80   1.70
  0.50   1.17
 -0.02   0.57
 -0.11   0.86
  0.47   1.02
  0.35   0.21
 -0.10   1.53
  0.82   0.63
  0.78   0.53
  0.34   0.58
  0.30   1.13
  0.39  -0.45
  0.65   0.67
  0.42   1.48
  0.53   1.44
  0.16   0.97
  0.62   1.08
  0.58   0.85
  0.44   0.76
  0.22   0.60
  0.33   1.11
  0.32   0.32
  0.70   0.09
  0.60   0.47
  0.80   0.78
  0.02   1.84
  0.30   1.37
  0.05   1.29
  0.32   1.37
  0.25   1.32
  0.17   0.24
  0.60   1.03
  0.57  -0.04
  0.31   0.61
 -0.03   0.66
  0.37   1.15
  0.12   0.26
  0.57   1.62
  0.29   1.15
  0.64   0.75
  0.32   1.06
  0.54   0.54
  0.50   1.06
  0.06   0.48
  0.34   0.72
 -0.07   1.47
  0.39   1.43
  0.35   1.09
  0.14   1.27
  0.46   1.09
 -0.08   0.84
  0.70   0.58
  0.36   1.11
  0.80   0.78
  0.07   0.19
  0.28   1.38
  0.15   0.85
  0.24   0.76
  0.28   0.46
  0.47   0.35
  0.51   0.23
  0.58   1.86
  0.58   0.71
  0.73   0.31
  0.05   0.39
  0.68   1.14
  0.42   0.23
  0.71   0.01
  0.27   0.60
  0.58   0.89
 -0.11   1.32
  0.31   2.18
  0.55   0.71
 -0.02   0.33
  0.70   0.57
  0.74   1.69
  0.15   0.93
  0.43   1.33
  0.24   0.99
  0.68   0.44
  0.48   0.68
  0.03   0.81
  0.06   1.19
  0.25   0.30
  0.55   1.07
 -0.25   0.64
 -0.29   1.94
  0.29   1.25
  0.39   0.59
  0.41   0.93
  0.46   0.47
 -0.09  -0.18
  0.76   0.87
  0.50   0.11
  0.18   0.75
  0.50   0.74
 -0.06   1.32
  0.25   0.93
  0.21   0.17
 -0.17   0.39
  0.21   1.36
  0.32   0.98
  0.32   1.93
  0.45   0.50
  0.28   1.58
  0.12   0.94
 -0.47   0.52
  0.29   0.94
  0.55   0.18
  0.21   0.38
  0.65   1.11
  0.52   0.99
  0.30   1.40
  0.30   1.18
  0.55   1.71
 -0.47   1.41
  0.38   1.72
  0.70   1.07
  0.17   0.41
  0.24   0.69
  0.13   0.85
  0.11   0.68
  0.26  -0.03
  0.32   0.89
  0.21   0.50
  0.18   0.56
  0.54   0.67
  0.35   0.36
  0.20   0.81
  0.25   1.50
  0.55   1.33
  0.11   0.80
  0.30   1.16
  0.76   0.71
  0.29   1.05
  0.23   0.73
  0.47   0.78
  0.90   0.78
  0.60   0.37
  0.33   0.63
  0.47   1.45
  0.38   0.73
  0.60   0.61
  0.44   1.47
  0.45   0.78
  0.11   1.04
  0.66   0.30
  0.47   0.92
  0.18   1.32
  0.90   1.09
  0.45   1.08
  0.18   1.66
  0.35   1.04
  0.32   0.42
  0.33   0.85
  0.31   1.42
  0.55   1.12
  0.49   1.09
  0.47   1.82
  0.50   0.28
 -0.11   0.83
  0.55   0.50
  0.50   0.75
  0.30   0.67
  0.59   1.12
  0.44   1.03
  0.95   0.45
  0.57   0.55
  0.88   1.17
  0.65   0.58
  0.49   0.42
  0.34   0.63
  0.21   1.17
  0.35   0.85
  0.34   0.69
  0.72   0.74
  0.41   0.89
  0.75   1.11
  0.14   0.97
  0.65   0.52
  0.37   0.98
  0.76   1.10
  0.31   1.78
  0.40  -0.29
  0.71   0.78
  0.41   0.61
  0.77   0.41
  0.03   1.10
  0.60   0.51
  0.47   1.32
 -0.27   0.16
  0.57   1.01
  0.81   0.93
  0.46   0.26
  0.42   0.94
  0.42   1.46
  0.68   0.23
  0.32   1.41
  0.16   0.85
  0.28   0.69
  0.57   0.96
  0.62   0.92
  0.12   0.48
  0.07   0.21
  0.45   0.56
  0.86   0.43
  0.11   1.56
 -0.24   1.49
  0.52   1.31
  0.04   0.91
  0.46   1.77
  0.66   0.88
  0.36   1.32
  0.30   1.06
  0.10   0.59
  0.67   0.78
  0.69   1.38
  0.35   0.37
  0.44   1.00
  0.08  -0.29
  0.31   0.99
  0.55   0.87
  0.62   1.09
  0.51   0.91
  0.85   0.81
  0.49   0.64
  0.33   0.54
  0.44   0.64
  0.63   0.27
  0.21   1.38
  0.19   1.82
  0.64   0.70
  0.46   1.60
  0.58   0.93
  0.31   1.37
  0.17   0.77
  0.59   1.04
  0.59   0.31
 -0.17   0.96
  0.46   1.40
  0.16   1.50
  0.52   0.61
  0.79  -0.29
  0.69   0.45
  0.48   0.89
  0.61   0.60
  0.58   1.37
  0.51   1.12
  0.49   0.60
  0.23   0.43
  0.14   1.55
  0.59   0.83
 -0.16   1.24
  1.05   1.24
  0.27   1.08
  0.14   1.37
  0.60   1.06
 -0.00   0.92
  0.19   0.91
  0.43   0.81
  0.63   1.36
  0.54   0.80
  0.09   1.11
  0.81   0.61
  0.43   1.36
  0.40   0.62
 -0.11   0.08
  1.09   1.54
  0.32   0.61
  0.22   1.46
  0.08   1.20
  0.36   0.98
  0.64   1.24
  0.26   0.80
  0.72   0.76
  0.29   1.08
  0.28   1.00
  0.55   0.65
  0.23   0.73
  0.48   1.11
  0.12   1.30
  0.47   1.11
  0.01   0.72
  0.19   0.48
  0.24   0.70
  0.23   0.70
  0.78   1.21
  0.34   0.90
  0.64   1.48
  0.04   0.53
  0.28   0.94
  0.67   1.25
  0.96   0.41
  0.35   1.34
  0.28   0.73
  0.81  -0.13
  0.65   0.49
  1.01   1.07
 -0.07   1.71
  0.29   0.38
  0.94   1.18
  0.98   0.64
  0.25   0.91
  0.46   1.01
  0.51   1.54
  0.85   1.19
  0.24   0.62
  0.18   1.13
  0.37   0.18
  0.73   0.03
  0.30   0.97
  0.40   1.79
  0.41   0.35
  0.64   0.88
  0.61  -0.05
  0.41   1.61
  0.57   1.48
  0.14   0.77
  0.11   1.54
  0.38   1.03
  0.73   0.07
  0.58   1.24
  0.17   0.83
  1.00   0.98
  0.07   1.19
  0.47   0.46
  0.35   0.60
  0.31   0.45
 -0.11   1.19
  0.18   1.35
  0.49   1.19
  0.47   0.83
  0.26   2.14
  0.39   1.35
  0.54   1.87
  0.40   0.73
  0.32   1.68
  0.62   0.48
  0.41   0.92
  0.63   1.42
  0.45   0.61
  0.35   0.70
 -0.04   1.13
  0.83   1.39
  0.65   0.64
  0.64   0.46
  0.72   0.90
  0.54  -0.09
  0.45   0.82
  0.08   1.02
  0.40   1.02
  0.26   0.45
  0.26   1.02
  0.54   1.09
  0.37   1.01
  0.40   0.17
 -0.28   0.93
  0.79   1.01
  0.37   1.09
  0.67   0.07
  0.73   1.61
 -0.05   1.02
  0.39   1.11
  0.33   1.13
  0.37   1.71
  0.26   1.34
  0.59   0.08
  0.41   1.47
  0.47   0.43
  0.15   0.42
  0.66   2.12
  0.68   0.83
  0.51   0.78
  0.02   0.91
  0.56   1.54
  0.36   0.04
  0.47   0.67
  0.10   0.77
  0.25   0.80
  0.55   1.21
  0.62   1.12
  0.23   0.04
  0.72   1.08
  0.90   0.97
  0.03   0.91
  0.31   0.92
  0.28   1.61
  0.39   1.31
  0.09   0.88
  0.28   1.03
  0.15   0.60
  0.58   0.60
  0.60   0.99
  0.43   1.06
  0.14   0.38
  0.87   1.20
  0.31   0.51
  0.73   0.37
  0.74   0.12
  0.45   1.65
 -0.06   0.60
  0.68   0.78
  0.68   1.66
  0.49   0.62
  0.09   0.76
  0.76   0.87
  0.10   0.42
 -0.37   0.98
  0.58   0.98
  0.09   1.48
  0.10   1.08
  0.74   1.22
  0.70   0.39
  0.28   0.78
  0.79   0.80
  0.00   1.10
  0.44   1.33
  0.02   1.45
  0.19   1.06
  0.35   1.00
  0.60   0.35
  0.39   1.15
  0.66   0.54
  0.51   0.97
  0.13   1.27
  0.16   1.59
  0.33   0.74
  0.05   1.05
  0.52   0.93
  0.60   0.25
  0.31   1.33
  0.11   0.18
  0.13   1.26
  0.53   1.21
  0.18   1.28
  0.53   0.50
  0.17   0.74
  0.54   1.73
  0.46   1.55
  0.46   1.30
  0.36   0.06
  0.46   0.02
  0.49   0.66
  0.49   0.77
  0.41   1.06
  0.02   1.28
  0.60   0.32
  0.47   1.41
  0.60   0.79
  0.51   1.22
  0.53   0.55
  0.37   0.49
  0.28   0.83
 -0.03   0.90
  0.22   0.21
  0.53   0.64
 -0.06   1.16
  0.57   1.68
  0.44   1.37
  0.84   0.45
  0.38   1.29
  0.03   1.14
  0.46   1.28
  0.13   0.52
  0.31   0.86
  0.43   0.75
  0.71   0.50
  0.38   0.65
  0.38   1.18
  0.57   1.08
  0.59   1.95
 -0.16   1.25
  0.63   0.70
  0.78   0.94
  0.56   0.28
  0.40   1.11
  0.27   0.59
  0.12   1.34
  0.41   1.67
  0.54   0.88
  0.36   0.30
  0.28   1.00
  0.42   1.07
  0.24   1.09
  0.27   0.81
  0.09   0.54
  0.15   0.55
  0.02   1.59
  0.05   0.99
  0.07   0.64
  0.57   1.52
  0.24   0.77
  0.46  -0.25
 -0.14   0.73
  0.70   1.54
  0.18   0.99
  0.42   1.46
  0.01   2.01
  0.76   1.33
  0.47   0.88
  0.09   0.91
  0.47   0.30
  0.70   0.16
  0.00   0.84
  0.44   1.59
  0.56   0.72
  0.63   0.88
  0.22   0.62
  0.35   1.20
  0.29   1.34
  0.46   0.46
  0.17   0.72
  0.38   0.92
  0.43   0.37
  0.44   0.47
  0.24   0.83
  0.29   0.40
  0.27   1.09
  0.91   0.93
  0.32   0.72
  0.52   1.14
  0.87   0.41
  0.52   0.93
  0.13   0.52
  0.45   1.30
  0.32   1.92
  0.47   0.65
  0.58   0.42
  0.60   1.84
  0.24   0.87
  0.32   0.68
  0.38   0.30
  0.34   1.48
  0.18   0.46
  0.21   0.66
  0.05   0.72
  0.52   0.66
  0.28   1.41
  0.31   0.54
  0.46   1.01
  0.04   0.81
  0.46  -0.39
  0.35   0.35
  0.41   0.78
  0.74   0.69
  0.05   0.34
  0.45   1.10
  0.79   0.63
  0.07   0.62
  0.27   0.70
  0.47   0.89
  0.51   0.90
  0.41   0.54
  0.99   0.87
  0.65   0.67
  0.69   1.25
  0.41  -0.38
  0.30   1.33
  0.34   1.25
  0.18   0.73
 -0.10   1.21
  0.37   1.10
  0.20   1.05
  0.40   1.27
  0.24   0.16
  0.53   1.45
  0.61   0.38
  0.39   1.06
  0.61   1.32
  0.81   0.75
  0.38   1.22
  0.37   0.84
  0.39   1.08
  0.08   2.01
  0.88   1.40
  0.61   1.01
  0.73   0.18
 -0.14   0.80
  0.02   0.09
  0.23   1.47
  0.06   1.09
  0.41   0.27
  0.81   0.68
  0.08   0.48
  0.96   1.31
  0.00   1.19
  0.63   1.07
  0.79   1.18
 -0.06   1.04
  0.54   0.65
  0.50   1.43
  0.31   1.26
  0.27   1.53
  0.29   0.68
  0.18   0.04
  0.53   1.50
  0.57   1.54
  0.47   0.65
  0.72   0.41
  0.38   0.36
  0.17   0.57
  0.60   0.43
  0.04   0.27
  0.45   1.22
  0.54   1.49
  0.49   1.09
  0.45   0.38
  0.47   1.01
  0.52   1.08
  0.43   1.21
  0.73   0.87
  0.72   0.76
  0.68   1.81
  0.69   0.66
  0.43   0.82
  0.43   0.67
  0.80   1.88
  0.28   0.08
  0.22   0.28
  0.64   2.06
  0.05   0.70
  0.28   0.83
  0.28   1.10
  0.15   0.94
  0.83   0.28
  0.47   0.34
  0.48  -0.05
  0.62   1.17
  0.35   0.90
  0.33   0.28
  0.21   0.41
  0.23   0.51
  0.27   0.54
  0.31  -0.07
  0.50   0.50
  0.12   1.20
  0.53   1.04
  0.01   0.86
  0.51   0.70
  0.48   1.36
  0.38   0.45
  0.76   0.91
  0.56   0.57
  0.02   0.65
  0.33   0.85
  0.54   1.26
 -0.00   1.33
  0.57   0.71
  0.23   0.16
  0.85  -0.22
  0.03   0.60
  0.18   1.76
  0.37   1.21
  0.66   0.15
  0.56   1.79
  0.15   0.91
  0.38   1.70
  0.19   0.28
  0.83   0.79
  0.29   0.38
  0.41   0.82
  0.24   1.12
  0.62   1.39
  0.30   1.15
  0.15  -0.03
  0.54   1.18
  0.35   0.99
  0.09   0.69
 -0.05   0.75
  0.34   0.24
  0.09   0.84
  0.18   1.68
  0.48   1.57
  0.09   1.34
  0.09   0.36
  0.31   0.75
  0.43   1.21
  0.49   0.37
  0.08   1.29
  0.31   0.40
  0.47   0.90
  0.22   0.32
  0.42   0.51
  0.38   0.55
  0.63   0.45
  1.03   0.53
  0.36   1.34
  0.39   1.33
  0.66   0.58
  0.53   0.52
  0.51   1.08
  0.19   0.73
  0.02   0.79
  0.36   1.54
  0.59   0.96
  0.42   1.34
  0.78   0.81
  0.11   1.17
  0.23   1.46
  0.33   0.96
  0.36   0.39
  0.18   1.02
  0.67   0.41
  0.15   1.92
 -0.18   0.75
  0.45   0.82
  0.64   0.90
  0.15   0.90
  0.15   0.85
  0.18   0.92
  0.37   0.77
  0.26   0.71
  0.27   1.12
  0.42   0.11
  0.26   0.60
  0.91   1.70
  0.26   0.11
 -0.23   0.38
  0.14   0.32
  0.55   1.27
  0.40   0.76
  0.42   0.83
  0.22  -0.49
  0.18   1.38
  0.40   1.22
  0.33   0.82
  0.39   1.10
  0.12   0.92
  0.49   1.28
  0.56   1.19
  0.45   0.54
  0.52   0.26
  0.41   0.47
  0.40   1.57
  0.41  -0.18
  1.08   0.93
  0.59   0.01
  0.54  -0.01
  0.31   0.99
  0.66   0.75
  0.27   1.17
  0.25   1.01
  0.74   0.35
  0.15   0.27
  0.33   0.51
  0.57   0.89
  0.34  -0.60
  0.10   0.61
  0.27   0.89
  0.57   0.93
  0.21   1.52
  0.57   0.33
 -0.14   1.72
  0.40   0.10
  0.69   1.54
 -0.13   0.80
  0.41   0.26
  0.10   1.53
  0.70   0.93
  0.74   1.24
  0.10   1.16
  0.35   1.44
  0.04   1.31
  0.53   0.65
  0.73   0.62
  0.35   0.55
  0.32   0.12
  0.42   0.81
  0.83   0.86
  0.31   0.92
  0.60   1.14
  0.90   0.05
  0.33   0.22
  0.77   0.62
  0.15   1.22
  0.81   0.25
  0.54   0.72
  0.11   0.37
  0.06   0.16
  0.68   0.79
  0.54   1.20
  0.15   1.15
  0.16   1.37
  0.68  -0.13
  0.28   0.87
  0.32   0.90
  0.87   0.31
  0.58   1.56
  0.59   0.81
  0.64   1.16
  0.17   1.22
  0.26   1.04
  0.65   0.70
  0.74   0.53
  0.49   1.16
  0.78   1.35
  0.77   0.72
  0.94   0.89
 -0.09   0.75
  0.29   0.54
  0.39   0.68
  0.11   0.74
  0.61   0.37
  0.43   0.78
  0.63   0.53
  0.20   0.28
  0.53   0.58
  0.63   1.08
  0.56   0.31
  0.40   1.74
  0.43   1.08
  0.66   1.00
  0.88   0.89
  0.58   0.70
  0.07   1.16
  0.22  -0.20
  0.61   1.28
  0.18   1.25
  0.58   0.89
  0.23   0.25
  0.35   0.87
  0.82   0.85
  0.47   0.99
  0.90   0.77
  1.24   0.28
 -0.08   1.52
  0.46   0.84
  0.84   0.85
  0.11   1.26
  0.21   1.41
  0.17   1.78
  0.69   1.12
  0.30   0.13
  0.34   1.87
  0.58   0.65
  0.88   0.99
  0.43   0.08
  0.25   0.60
  0.20   0.86
  0.29   0.94
  0.61   0.81
  0.62   0.97
  0.30   1.06
  0.09   0.70
  0.15   0.49
  0.58   0.95
  0.63   0.78
  0.60   0.70
  0.37   1.13
  0.63   0.92
  0.58   1.19
  0.18   0.20
  0.35   0.97
  0.80   1.32
  0.30   1.12
  0.20   1.06
  0.13   1.51
  0.03   0.28
  0.24   1.59
  0.50   0.70
  0.47   1.04
  0.07   1.27
  0.32   0.17
  0.84   0.38
  0.15   1.10
  0.59   0.64
  0.58   0.54
  0.27   1.00
  0.85   0.69
  0.63   0.63
  0.07   0.87
  0.65   0.66
  0.22   1.28
  0.33   1.19
  0.42   0.34
  0.26   1.67
  0.19   0.52
  0.58   1.09
  0.31   0.76
  0.11   1.58
  0.35   0.96
  0.34   0.75
  0.82   1.28
  0.54   1.09
  0.66   1.09
  0.66   1.05
  0.48   1.18
  0.41   1.15
  0.48   1.51
  0.32   1.12
  0.22   0.13
  0.49   1.23
  0.52   1.15
  0.27   0.67
 -0.04   0.93
  0.61   0.90
 -0.06   1.45
  0.49   1.08
  0.65   1.04
  0.64   0.19
  0.46   0.26
  0.26   0.75
  2.06   0.32
  2.19  -0.14
  2.35   0.12
  2.30  -0.70
  2.30  -0.10
  2.19   0.57
  2.32  -0.04
  2.21   0.05
  2.15   0.72
  2.23  -0.60
  2.26   0.43
  2.27   0.10
  2.29  -0.32
  2.25  -0.59
  2.15  -0.07
  2.21  -0.60
  2.00   0.23
  2.16   1.25
  2.26  -0.55
  2.01   0.29
  2.34   0.24
  2.12  -0.47
  2.19   0.32
  2.24   0.28
  2.14  -0.18
  2.16   0.36
  2.22   0.45
  2.27   0.10
  2.18   0.08
  2.17   0.44
  2.29  -0.18
  2.15  -0.28
  2.22   0.17
  2.26  -0.50
  2.17   0.45
  2.28  -0.69
  2.23  -0.52
  2.09   0.48
  2.37  -0.41
  2.13   0.55
  1.93   0.65
  2.36  -0.19
  2.09   0.28
  2.23  -0.40
  2.26   0.98
  2.18   0.42
  2.27   0.62
  2.13   0.13
  2.18  -0.30
  2.11  -0.54
  2.23  -0.73
  2.23  -0.36
  2.30  -0.45
  2.23  -0.46
  2.21  -0.31
  2.31  -0.13
  2.20  -0.65
  2.34   0.41
  2.17  -0.19
  2.31  -0.24
  2.27   0.46
  2.15   0.39
  2.25   0.90
  2.24   0.02
  2.36  -0.56
  2.15   0.46
  2.22   0.52
  2.24  -0.68
  2.23   0.88
  1.96   0.37
  2.18   0.51
  2.29  -0.26
  2.18   0.22
  2.31   0.18
  2.11  -0.04
  2.31   0.45
  2.23  -0.74
  2.18  -0.07
  2.28  -0.18
  2.23  -0.23
  2.33  -0.44
  2.03  -0.25
  2.10   0.29
  2.22  -0.51
  2.22   0.78
  2.13   0.06
  2.27   0.02
  2.31   0.21
  2.24  -1.00
  2.15  -0.07
  2.08  -0.22
  2.07  -0.60
  2.17   0.92
  2.18  -0.93
  2.21   0.27
  2.05   0.36
  2.13  -0.62
  2.15   0.33
  1.98   0.01
  2.28  -0.74
  2.30   0.05
  2.27  -0.34
  2.09   0.53
  2.22   1.12
  2.31  -0.10
  2.31  -0.61
  2.35  -0.49
  2.28  -0.69
  2.16   0.04
  2.20  -0.16
  2.25  -0.25
  2.24  -0.44
  2.23  -0.20
  2.18   0.05
  2.23  -0.67
  2.25   0.30
  2.14   0.31
  2.29  -0.25
  2.30   0.31
  2.07   0.60
  2.24   0.35
  2.14   0.32
  2.31   0.78
  2.01   0.95
  2.09  -0.04
  2.21  -0.71
  2.32   0.16
  2.27  -0.28
  2.30   0.12
  2.33   0.57
  2.16   0.30
  2.21   0.38
  2.14  -0.30
  2.07   0.50
  2.13  -0.31
  2.21   0.35
  2.15  -0.09
  2.23   0.59
  2.29   0.37
  2.35   0.36
  2.20  -0.27
  2.13   0.21
  2.29  -0.41
  2.17  -0.67
  2.29   0.63
  2.32   0.01
  2.14   0.34
  2.17   1.33
  2.23  -0.23
  2.17   0.45
  2.13   0.48
  2.19  -0.02
  2.16   0.27
  2.32  -0.97
  2.15   0.11
  2.28   0.15
  2.24  -0.09
  2.13   0.04
  2.33  -0.28
  2.14  -0.29
  2.35   0.25
  2.22  -0.58
  2.07   1.02
  2.16  -0.39
  2.12   0.09
  2.23   0.28
  2.14   0.71
  2.02   1.31
  2.23   0.21
  2.19  -0.32
  2.21   0.05
  2.33  -0.27
  2.18   0.07
  2.13   0.28
  2.34  -0.50
  2.12  -0.01
  2.21  -0.38
  2.28  -0.25
  2.22  -0.24
  2.18   0.34
  2.25  -0.08
  2.18   0.43
  2.21   0.08
  2.21  -0.06
  2.27  -0.91
  2.33   0.08
  2.33   0.39
  2.27   0.24
  2.29  -0.40
  2.29  -0.59
  2.10  -0.20
  2.30  -0.76
  2.23  -0.60
  2.19   0.06
  2.17   0.06
  2.13  -0.39
  2.16   0.22
  2.19   0.42
  2.23   0.03
  2.28   0.64
  2.18  -0.10
  2.20   0.91
  2.20  -0.27
  2.26  -0.23
  2.19  -0.04
  2.32  -0.02
  2.22  -0.00
  2.15   0.34
  2.28  -0.89
  2.18   0.49
  2.15   0.45
  2.25   0.30
  2.19   0.26
  2.23  -0.48
  2.28  -0.01
  1.93   0.64
  2.21   0.08
  2.20  -0.58
  2.31   0.07
  2.20   0.04
  2.28   0.66
  2.30  -0.17
  2.20  -1.13
  2.23  -0.62
  2.23  -0.08
  2.25   0.90
  2.22   0.37
  2.22  -0.09
  2.21  -1.31
  2.29  -0.53
  2.36  -0.20
  2.18  -0.19
  2.28   0.17
  2.20  -0.25
  2.11   0.53
  2.18   0.83
  2.44  -0.80
  2.30  -0.16
  2.18  -0.41
  2.25   0.73
  2.05   0.25
  2.14  -0.35
  2.21   0.46
  2.21  -0.12
  2.21   0.64
  2.30  -0.49
  2.35  -0.38
  2.26   0.24
  2.18  -0.48
  2.14  -0.20
  2.15   1.26
  2.05  -0.08
  2.27   0.40
  2.30  -0.39
  2.19  -0.09
  2.23   0.38
  2.30  -0.18
  2.20  -0.36
  2.09  -0.06
  2.23  -0.00
  2.18  -0.19
  2.19   0.12
  2.01  -0.16
  2.23  -0.77
  2.13   0.73
  2.13   0.67
  2.21   0.55
  2.06   0.30
  2.27   0.04
  2.22   0.17
  2.21  -0.84
  2.12   0.14
  2.22   0.21
  2.15  -0.16
  2.28   0.02
  2.19   0.53
  2.14   0.17
  2.19  -0.60
  2.21  -0.58
  2.28   0.22
  2.20   0.17
  2.15  -0.14
  2.17  -0.48
  2.23   0.59
  2.14   1.31
  2.25   0.61
  2.05   0.14
  2.18  -0.21
  2.22  -0.17
  2.11  -0.39
  2.14  -0.01
  2.21  -0.75
  2.22   0.39
  2.35   0.39
  2.18  -0.48
  2.28  -0.23
  2.20   0.16
  2.20   0.69
  2.16   0.24
  2.10   0.39
  2.20  -0.58
  2.16  -0.56
  2.25  -0.18
  2.18  -0.17
  2.25  -0.02
  2.30  -0.29
  2.30  -0.25
  2.24  -0.44
  2.22   0.31
  2.25  -0.36
  2.24   1.01
  2.07  -0.06
  2.19   0.53
  2.25  -0.76
  2.25   0.03
  2.31  -0.63
  2.15  -0.12
  2.19  -0.30
  2.11   0.08
  2.29   0.24
  2.11   0.52
  2.07   0.17
  2.26  -0.42
  2.22  -0.59
  2.09   0.45
  2.27  -0.34
  2.19   0.55
  2.25   0.01
  2.10  -0.44
  2.31  -0.33
  2.37  -0.38
  2.16   0.28
  2.23  -0.42
  2.20   0.81
  2.18  -0.45
  2.30  -0.17
  2.27  -0.40
  2.20   0.27
  2.45  -0.20
  2.40  -0.14
  2.08   0.46
  2.23  -0.38
  2.18   0.21
  2.28   0.37
  2.21  -0.53
  2.27  -0.31
  2.34   0.67
  2.07  -0.35
  2.15   0.36
  2.22   0.49
  2.20  -0.72
  2.06   0.31
  2.22   0.26
  2.25  -0.08
  2.09   0.86
  2.17   0.06
  2.22  -1.12
  2.20  -0.53
  2.28   0.10
  2.21   0.35
  2.20   0.49
  2.14  -0.13
  2.23   0.60
  2.21  -0.12
  2.22  -0.74
  2.18   0.30
  2.15   0.04
  2.28   0.25
  2.26  -0.40
  2.02   0.54
  2.13   0.72
  2.28  -0.57
  2.24  -0.99
  2.20   0.76
  2.27  -0.62
  2.16  -1.03
  2.34  -0.31
  2.11   0.09
  2.23  -0.59
  2.20  -0.21
  2.05   0.35
  2.10   0.57
  2.43  -0.25
  2.16  -0.24
  2.21  -0.67
  2.23  -0.39
  2.25  -0.24
  2.36  -0.30
  2.10  -0.23
  2.17   0.55
  2.33   0.27
  2.25  -0.28
  2.23  -0.44
  2.18  -0.37
  2.24   0.50
  2.23  -0.35
  2.23   0.75
  2.20  -0.11
  2.27  -0.32
  2.28  -0.18
  2.18   0.33
  2.19   0.88
  2.26  -0.49
  2.11  -0.15
  2.15   0.76
  2.24  -0.79
  2.17  -0.64
  2.24  -0.48
  2.10   0.30
  2.18   0.35
  2.39  -0.51
  2.17   0.02
  2.32   0.42
  2.31   0.66
  2.08  -0.25
  2.15   0.56
  2.34   0.45
  2.22  -0.10
  2.30  -0.20
  2.19  -0.11
  2.22   0.26
  2.14   0.20
  2.18  -0.32
  2.22   0.33
  2.29  -0.03
  2.22  -1.02
  2.24  -0.50
  2.29  -0.64
  2.10  -0.22
  2.26   0.16
  2.09  -0.66
  2.26   0.49
  2.16   0.30
  2.15  -0.00
  2.24  -0.09
  2.20  -0.66
  2.24   0.09
  2.11   0.64
  2.19   0.01
  2.27  -0.30
  2.27   0.71
  2.26  -0.15
  2.23   0.30
  2.19   0.20
  2.19   0.72
  2.23  -0.67
  2.18   0.21
  2.21   0.31
  2.16   0.54
  2.18  -0.63
  2.24  -0.23
  2.17   0.47
  2.17   0.70
  2.03   0.24
  2.13  -0.11
  2.18  -0.56
  2.18   1.00
  2.28  -0.53
  2.11  -0.23
  2.28   0.55
  2.33  -0.01
  2.15  -0.08
  2.29  -0.66
  2.23  -0.35
  2.16   0.43
  2.23  -0.28
  2.14   0.75
  2.05  -0.42
  2.18   1.06
  2.37   0.24
  2.21  -0.30
  2.14   1.09
  2.28  -0.54
  2.23   0.90
  2.20   0.11
  2.26   0.73
  2.18   1.01
  2.12   0.59
  2.20  -0.34
  2.17   0.53
  2.19   0.23
  2.18  -0.20
  2.23  -0.06
  2.22   0.28
  2.19  -0.04
  2.14   0.29
  2.18   0.58
  2.14   1.52
  2.23   0.09
  2.15  -0.45
  2.16  -0.32
  2.12  -0.18
  2.15  -0.65
  2.19  -0.65
  2.17   0.45
  2.12  -0.15
  2.23  -0.86
  2.24   0.38
  2.12  -0.35
  2.17  -1.08
  2.12  -0.15
  2.25  -0.56
  2.27   0.83
  2.11  -0.10
  2.23   0.66
  2.21   0.71
  2.10  -0.39
  2.19   0.47
  2.13   0.10
  2.20   0.42
  2.21  -0.94
  2.28  -0.29
  2.18  -0.37
  2.35  -0.16
  2.23  -0.30
  2.24  -0.28
  2.32  -1.16
  2.24   0.88
  2.35  -0.87
  2.29  -0.34
  2.15   0.11
  2.36  -0.31
  2.34  -0.47
  2.28   0.41
  2.15  -0.46
  2.26  -0.81
  2.25   0.02
  2.19  -0.77
  2.24   0.61
  2.08  -0.11
  2.19   0.62
  2.20  -1.06
  2.18   0.03
  2.31   0.70
  2.20   1.21
  2.23   0.96
  2.28  -0.21
  2.24  -0.10
  2.20  -0.44
  2.15  -0.20
  2.15   0.40
  2.13  -0.36
  2.28  -0.23
  2.07   0.92
  2.22  -0.05
  2.21   0.56
  2.11  -0.18
  2.19   0.00
  2.03   0.78
  2.17   0.59
  2.15  -0.42
  2.02   0.68
  2.20   0.94
  2.16  -0.20
  2.15  -0.00
  2.08  -0.66
  2.34  -0.77
  2.20   0.21
  2.11   0.25
  2.17   0.36
  2.25   0.56
  2.20  -0.02
  2.11  -0.72
  2.30   0.10
  2.20   0.21
  2.24  -0.65
  2.08   0.12
  2.24   0.31
  2.26  -0.47
  2.33   0.34
  2.27  -1.02
  2.33  -0.22
  2.21  -0.09
  2.23   0.35
  2.21  -0.72
  2.22  -0.14
  2.25  -0.40
  2.23  -0.76
  2.09   0.16
  2.26  -0.00
  2.15   0.08
  2.23  -0.67
  2.33   0.01
  2.30  -0.18
  2.06   0.51
  2.30  -1.11
  2.16   0.44
  2.15   0.50
  2.29  -0.26
  2.35  -0.46
  2.09  -0.56
  2.12  -0.38
  2.22   0.48
  2.24   0.34
  2.16   0.15
  2.04  -0.07
  2.16   0.20
  2.18  -0.03
  2.06  -0.04
  2.11   0.29
  2.32   0.11
  2.06   0.11
  2.11  -0.55
  2.20  -0.57
  2.15   0.47
  2.27   0.54
  2.18   0.05
  2.25  -1.04
  2.28  -0.67
  2.27   0.09
  2.27   0.57
  2.32   0.05
  2.13   0.43
  2.16   0.30
  2.13   0.16
  2.06  -0.57
  2.21  -1.00
  2.15   0.03
  2.28   0.16
  2.28  -0.63
  2.30  -0.66
  2.17  -0.01
  2.20   0.54
  2.12   0.24
  2.17   0.08
  2.20  -0.27
  2.13   0.29
  2.07   0.44
  2.22   0.43
  2.16  -0.60
  2.24  -0.18
  2.11   0.33
  2.08   0.34
  2.22  -0.60
  2.08   1.14
  2.26   0.08
  2.16  -0.26
  2.28  -0.05
  2.15   0.71
  2.10   0.05
  2.25  -0.52
  2.23   0.14
  2.22   0.44
  2.23  -0.07
  2.19   0.38
  2.22   0.32
  2.22  -1.53
  2.27  -0.03
  2.29   0.32
  2.29   0.08
  2.23  -0.55
  2.14   0.14
  2.21   0.52
  2.16   0.49
  2.31   0.14
  2.19  -0.41
  2.19   0.21
  2.08  -0.34
  2.12   0.38
  2.23  -0.06
  2.26  -0.19
  2.34   0.01
  2.15   0.17
  2.26  -0.59
  2.16   0.42
  2.26  -0.16
  2.15   0.02
  2.25  -0.79
  2.23   0.01
  2.22   0.15
  2.20  -0.61
  2.24   0.59
  2.14  -1.08
  2.21   0.18
  2.10   0.03
  2.19  -0.02
  2.12  -0.11
  2.33  -0.98
  2.21  -0.06
  2.13  -0.69
  2.31  -0.68
  2.19  -0.30
  2.17   0.13
  2.14   1.25
  2.17   1.02
  2.21  -0.47
  2.19   0.69
  2.26  -0.33
  2.17  -0.30
  2.20  -0.84
  2.16   0.23
  2.19  -0.09
  2.30  -0.31
  2.17   0.26
  2.20  -0.48
  2.32   0.06
  2.20  -0.04
  2.28   0.25
  2.19  -0.25
  2.22  -0.16
  2.26  -0.19
  2.09   0.06
  2.20   0.38
  2.13   0.49
  2.25  -0.29
  2.18   0.66
  2.25   0.31
  2.24  -0.28
  2.33  -0.28
  2.18   0.97
  2.37   0.23
  2.28  -0.24
  2.26   0.16
  2.18   0.81
  2.14   0.92
  2.24  -0.04
  2.34  -0.46
  2.22   0.10
  2.25   0.61
  2.09   0.65
  2.30  -0.05
  2.31  -0.24
  2.29  -0.13
  2.16  -0.53
  2.19  -1.22
  2.14  -0.44
  2.26   0.07
  2.22  -0.36
  2.24   0.24
  2.30  -0.35
  2.18   0.94
  2.24  -0.09
  2.44   0.43
  2.17   0.07
  2.18   0.76
  2.27  -0.73
  2.14  -0.30
  2.21   0.43
  2.22  -0.34
  2.26  -0.29
  2.23  -0.50
  2.22   0.32
  2.26   1.08
  2.19  -0.19
  2.17  -0.77
  2.22  -0.25
  2.22  -0.25
  2.22  -0.02
  2.26   0.91
  2.26  -0.25
  2.25  -0.40
  2.19  -0.49
  2.24  -0.30
  2.24   0.34
  2.16  -0.31
  2.22   0.60
  2.32  -1.41
  2.22   0.25
  2.12  -0.18
  2.18  -0.19
  2.32  -0.00
  2.09   0.71
  2.08   0.14
  2.33  -0.13
  2.24   0.03
  2.32  -0.54
  2.13   0.28
  2.28   0.41
  2.29  -0.62
  2.25   0.29
  2.30   0.32
  2.17   0.03
  2.22  -0.19
  2.21   0.20
  2.16  -0.44
  2.21   0.43
  2.22   1.20
  2.37   0.01
  2.13  -0.23
  2.25   0.36
  2.26  -0.97
  2.17   0.01
  2.28  -0.23
  2.29  -0.72
  2.18  -0.04
  2.12   0.03
  2.13   0.26
  2.26  -0.37
  2.21   0.37
  2.21  -0.16
  2.03   0.46
  2.26   0.07
  2.28  -0.67
  2.25   0.09
  2.34   0.05
  2.26   0.01
  2.27   0.49
  2.24  -0.81
  2.28   0.29
  2.32  -0.35
  2.18   0.29
  2.31   0.24
  2.24  -0.45
  2.22  -0.52
  2.24   0.22
  2.24   0.11
  2.30  -0.10
  2.12  -1.07
  2.09   0.11
  2.09   0.18
  2.05   0.33
  2.07  -0.19
  2.14   0.69
  2.10   0.28
  2.06   0.30
  2.10  -0.14
  2.28   0.52
  2.30  -0.70
  2.19   0.08
  2.15   0.23
  2.19  -0.20
  2.23  -0.14
  2.19  -0.48
  2.03   1.48
  2.34   0.51
  2.07   1.03
  2.08   0.29
  2.06   1.58
  2.34   0.02
  2.18   0.39
  2.18  -0.70
  2.22   0.02
  2.04  -0.65
  2.18   0.47
  2.09   0.72
  2.21   0.12
  2.21  -1.37
  2.24   0.14
  2.14  -0.44
  2.26  -0.39
  2.28  -0.34
  2.31  -0.72
  2.12   0.42
  2.24   0.56
  2.34  -0.11
  2.21   0.06
  2.19   0.16
  2.19   0.37
  2.04   0.04
  2.28  -0.28
  2.20  -0.62
  2.19   0.58
  2.27   0.23
  2.22  -0.04
  2.16  -0.52
  2.31  -0.73
  2.30  -0.87
  2.23  -0.53
  2.09   0.63
  2.18  -0.77
  2.05   0.52
  2.01   0.89
  2.06   0.81
  2.26  -0.06
  2.11  -0.64
  2.10   0.47
  2.35  -0.12
  2.12   0.88
  2.15   0.25
  2.34  -0.55
  2.34  -0.44
  2.07   0.50
  2.10  -0.11
  2.33   0.64
  2.22   0.01
  2.37   0.00
  2.27  -0.01
  2.14  -0.61
  2.21   0.24
  2.33  -0.37
  2.27   0.46
  2.11   0.34
  2.29  -0.89
  2.26   0.30
  2.23  -0.38
  2.08  -0.52
  2.12  -0.01
  2.28   0.17
  2.29   0.61
  2.32  -0.19
  2.22   0.16
  2.31  -0.26
  2.36  -0.01
  2.28   0.46
  2.37   0.49
  2.27  -0.19
  2.08   0.65
  2.20   0.44
  2.27   0.29
  2.26  -0.11
  2.34  -0.31
  2.22   0.31
  2.31   0.47
  2.16  -1.16
  2.12  -0.45
  2.19   0.96
  2.21   0.29
  2.25   0.42
  2.14  -1.03
  2.16  -0.09
  2.13  -0.61
  2.22   0.19
  2.10  -0.48
  2.18  -0.72
  2.06   0.30
  2.09  -0.72
  2.24   0.18
  2.17   0.33
  2.17   0.15
  2.20  -0.03
  2.30   0.37
  2.21   0.30
  2.18   0.30
  2.11   0.32
  2.29   0.09
  2.16   0.04
  2.27  -0.33
  2.14  -0.51
  2.07  -0.50
  2.28   0.75
  2.26   0.11
  2.18  -0.34
  2.28   0.11
  2.17   0.30
  2.31   0.17
  2.27  -0.15
  2.38   0.05
  2.26   0.95
  2.21   0.55
  2.23  -1.32
  2.20  -0.17
  2.22   0.06
  2.16   0.44
  2.25  -0.34
  2.35  -0.06
  2.22   0.35
  2.22  -0.69
  2.11  -0.31
  2.23  -1.21
  2.31  -1.26
  2.15   0.61
  2.13  -0.43
  2.09   0.54
  2.25  -0.69
  2.15   1.09
  2.14   0.07
  2.20  -0.60
  2.31   0.18
  2.23   0.78
  2.19   0.06
  2.16   0.37
  2.21   0.25
  2.24   1.01
  2.22   0.32
  2.11   0.86
  2.18  -0.52
  2.22  -0.41
  2.15  -0.07
  2.16   0.04
  2.28  -0.91
  2.28   0.09
  2.09   0.12
  2.24   0.87
  2.32  -0.33
  2.09   0.03
  2.21  -0.97
  2.20  -0.76
  2.25  -0.14
  2.23   0.07
  2.26   0.10
  2.30  -0.33
  2.19  -0.53
  2.30   0.39
  2.22  -0.46
  2.15  -0.36
  2.29  -0.04
  2.43  -0.98
  2.20  -0.39
  2.19   0.37
  2.10  -0.18
  2.14  -0.46
  2.28  -0.15
  2.23   0.82
  2.20  -0.49
  2.20  -0.28
  2.13   0.27
  2.22  -0.61
  2.14   0.45
  2.21  -0.18
  2.38   0.03
  2.34   0.34
  2.13  -0.22
  2.27   0.06
  2.19  -0.88
  2.06   0.07
  2.11  -0.10
  2.22  -0.04
  2.23  -0.51
  2.47   0.14
  2.31  -0.81
  2.27   0.33
  2.05  -0.34
  2.25  -0.47
  2.23  -0.66
  1.95   0.93
  2.21   0.02
  2.32  -0.43
  2.34  -0.41
  2.17   0.38
  2.21  -0.49
  2.29   1.26
  2.17   0.12
  2.26   0.42
  2.26   0.72
  2.27  -0.47
  2.19   0.29
  2.12  -0.43
  2.18   0.32
  2.15   0.14
  2.16   0.48
  2.24  -0.26
  2.21   0.43
  2.14  -0.77
  2.16   0.48
  2.04   0.78
  2.14   0.14
  2.29  -0.17
  2.39  -0.22
  2.22  -0.52
  2.24   0.34
  2.19   0.08
  2.31  -0.16
  2.15   0.32
  2.19   0.34
  2.17  -0.07
  2.36   0.46
  2.29  -0.66
  2.22  -0.30
  2.26  -1.02
  2.24   0.30
  2.19   0.43
  2.33  -0.05
  2.22   0.52
  2.28  -0.30
  2.15   0.74
  2.34  -0.41
  2.38  -0.92
  2.28   0.44
  2.28  -0.22
  2.13  -0.22
  2.21  -0.42
  2.14   0.83
  2.27  -0.80
  2.23  -0.06
  2.32  -0.25
  2.15  -0.17
  2.25  -0.38
  2.30  -0.56
  2.25  -0.41
  2.43  -0.62
  2.18  -0.01
  2.30  -0.30
  2.18   0.16
  2.25  -0.32
  2.19   0.86
  2.25  -1.27
  2.41   0.13
  2.30   0.67
  2.17   0.97
  2.30  -0.85
  2.06   0.29
  2.05   0.44
  2.16   0.24
  2.28  -0.43
  2.28  -0.63
  2.21   0.36
  2.24  -0.00
  2.26  -0.88
  2.15  -0.71
  2.21   0.16
  2.34  -0.66
  2.04   0.08
  2.10   0.70
  2.14   0.03
  2.13   0.35
  2.30  -1.16
  2.35  -0.12
  2.17   0.99
  2.19  -0.68
  2.13  -0.36
  2.15   0.18
  2.39  -0.45
  2.10   0.76
  2.28  -0.93
  2.16   0.43
  2.30   0.80
  2.28  -0.15
  2.30   0.14
  2.35  -0.93
  2.14  -0.07
  2.27  -0.43
  2.06   0.32
  2.24  -0.94
  2.06  -0.05
  2.16  -0.30
  2.20  -0.42
  2.20  -0.37
  2.27  -0.73
  2.14  -0.23
  2.29   0.56
  2.22   0.52
  2.11  -0.47
  2.38   0.59
  2.24  -0.42
  2.22  -0.11
  2.29  -0.49
  2.23  -0.34
  2.24  -0.35
  2.27  -0.92
  2.39   0.12
  2.10   0.23
  2.06  -0.40
  2.23  -0.03
  2.20  -0.91
  2.12  -0.21
  2.04   0.09
  2.29   0.18
  2.19   0.04
  2.26   0.24
  2.26  -0.35
  2.33  -0.42
  2.12  -0.51
  2.29  -0.24
  2.06  -0.11
  2.24   0.36
  2.10   0.36
  2.21   0.25
  2.27   0.18
  2.10  -0.43
  2.19  -0.19
  2.15   0.33
  2.15  -0.80
  2.29   0.14
  2.12  -0.25
  2.13  -0.60
  2.31   0.16
  2.37  -0.41
  2.30   0.45
  2.30  -0.51
  2.23  -0.52
  2.30  -0.20
  2.22  -0.08
  2.23   0.41
  2.19   0.35
  2.20  -0.47
  2.26   0.11
  2.07   0.13
  2.29   0.61
  2.17  -1.11
  2.18  -0.24
  2.26   0.56
  2.28   0.05
  2.10   0.31
  2.17  -0.17
  2.10  -0.08
  2.24  -0.86
  2.05  -0.35
  2.17   0.31
  2.19   0.63
  2.18  -0.31
  2.27  -0.92
  2.19  -0.45
  2.28   0.11
  2.14  -0.46
  2.13  -0.67
  2.14  -0.20
  2.24  -0.34
  2.17  -0.41
  2.14   0.50
  2.27  -0.20
  2.21  -0.34
  2.41   0.47
  2.12   0.21
  2.13  -0.24
  2.21  -0.78
  2.32   0.07
  2.19   0.39
  2.29  -0.24
  2.18   0.85
  2.16   0.64
  2.30  -0.34
  2.17   0.00
  2.29  -0.13
  2.23  -0.11
  2.26   0.05
  2.16  -0.67
  2.20   0.36
  2.28  -0.85
  2.20  -1.13
  2.18   0.07
  2.19  -0.56
  2.33  -0.36
  2.17  -0.66
  2.23  -0.42
  2.29  -0.57
  2.19   0.29
  2.20  -0.31
  2.21   0.38
  2.24  -0.31
  2.21  -0.07
  2.20   0.26
  2.15   0.71
  2.19  -0.27
  2.12   0.48
  2.12   0.20
  2.31  -0.38
  2.14   0.58
  2.24   0.55
  2.22   0.52
  2.24   0.10
  2.14   0.32
  2.31  -0.12
  2.29   0.69
  2.27  -0.85
  2.25  -0.61
  2.21  -0.57
  2.15   0.78
  2.18  -0.52
  2.15  -0.98
  2.07   0.91
  2.26  -0.19
  2.18  -0.39
  2.45  -0.52
  2.15   0.12
  2.29  -0.03
  2.10   0.46
  2.26   0.20
  2.15   0.88
  2.14   0.31
  2.18   0.50
  2.24  -0.24
  2.29  -1.56
  2.18  -0.17
  2.22   0.29
  2.31   0.07
  2.15   0.33
  2.21  -0.17
  2.20  -0.96
  2.13   0.70
  2.28  -0.01
  2.28  -0.68
  2.22   0.05
  2.36   0.06
  2.29   0.17
  2.13   0.30
  2.16   0.16
  2.12   0.06
  2.30  -0.60
  2.26   0.06
  2.11   0.70
  2.36  -0.77
  2.05  -0.01
  2.17   0.34
  2.22   0.67
  2.16   0.71
  2.25  -0.34
  2.14  -0.35
  2.26  -0.17
  2.34  -0.46
  2.20  -0.01
  2.13  -0.12
  2.19  -0.26
  2.30   0.36
  2.22  -0.14
  2.13   0.42
  2.33   0.45
  2.27  -0.40
  2.17   0.05
  2.07   0.49
  2.21   0.07
  2.19   0.76
  2.09   0.56
  2.19   0.79
  2.18   0.64
  2.23  -0.45
  2.14   0.01
  2.28   0.28
  2.16  -0.09
  2.21  -0.14
  2.15   0.15
  2.20   0.21
  2.26   1.02
  2.21   0.28
  2.26   0.05
  2.21   0.34
  2.20   0.44
  2.14   0.34
  2.15   0.48
  2.38   0.57
  2.13   0.41
  2.23  -0.49
  2.35  -0.37
  2.21  -0.25
  2.31  -0.42
  2.19  -0.45
  2.23   0.19
  2.29  -0.21
  2.23  -0.88
  2.14   0.73
  2.15   0.58
  2.12   0.15
  2.13   0.37
  2.20   0.14
  2.24   0.20
  2.15   0.32
  2.24   0.90
  2.27  -0.63
  2.35   0.06
  2.20  -0.84
  2.15   0.26
  2.22   0.48
  2.28  -0.14
  2.19   0.53
  2.28   0.14
  2.29  -0.71
  2.22   0.41
  2.25   0.22
  2.21   0.32
  2.11   0.15
  2.13  -0.07
  2.17   0.26
  2.32  -0.66
  2.16   0.15
  2.27  -0.00
  2.18  -0.27
  2.24  -0.15
  2.24   0.58
  2.14   0.19
  2.22  -0.58
  2.08  -0.33
  2.18   0.06
  2.19  -0.36
  2.18  -0.34
  2.07   0.37
  2.07   0.35
  2.20  -0.08
  2.19  -0.15
  2.44  -0.36
  2.41  -0.69
  2.14   0.59
  2.25  -0.05
  2.18  -0.42
  2.23  -1.15
  2.14   0.94
  2.23   0.20
  2.27   0.24
  2.12  -0.36
  2.15  -0.35
  2.16  -0.28
  2.17  -0.73
  2.23  -1.05
  2.40  -0.20
  2.28   0.23
  2.19  -0.23
  2.35  -0.16
  2.28  -0.44
  2.18   0.42
  2.18  -0.06
  2.17   0.67
  2.27  -0.07
  2.28   0.09
  2.15  -0.13
  2.24  -0.45
  2.24  -0.23
  2.23  -0.12
  2.19  -0.49
  2.27   0.37
  2.20  -0.01
  2.31  -0.80
  2.06   0.64
  2.20  -0.20
  2.20  -0.80
  2.16   0.58
  2.27  -0.49
  2.28  -1.51
  2.18  -0.63
  2.06   0.54
  2.25   0.11
  2.18   0.43
  2.25   0.09
  2.10   0.07
  2.37  -0.92
  2.13   0.24
  2.02   1.10
  2.24  -0.82
  2.25  -0.08
  2.06   0.62
  2.17  -0.06
  2.11   0.14
  2.23   0.45
  2.21  -0.28
  2.08   0.30
  2.30   0.06
  2.18  -0.15
  2.08   0.52
  2.28  -0.23
  2.23  -0.08
  2.25   0.13
  2.27  -0.86
  2.16   0.06
  2.20   0.96
  2.31   0.31
  2.21  -1.27
  2.17  -0.25
  2.10   0.03
  2.43  -0.51
  2.22   0.47
  2.38   0.01
  2.22   0.15
  2.25  -0.12
  2.27   0.08
  2.29  -0.67
  2.23  -0.71
  2.26  -0.61
  2.22   1.20
  2.25   0.81
  2.22  -0.07
  2.15   0.04
  2.10   0.26
  2.32  -0.99
  2.20   0.40
  2.26   0.16
  2.21  -0.91
  2.13  -0.69
  2.25   0.17
  2.24   0.60
  2.16   0.21
  2.18  -0.40
  2.28   0.45
  2.18  -0.41
  2.23  -0.76
  2.24  -0.19
  2.23   0.19
  2.14  -0.67
  2.18  -0.33
  2.20   0.21
  2.25   0.26
  2.13   0.24
  2.45  -0.85
  2.21  -0.77
  2.12   1.00
  2.30  -0.09
  2.18   0.18
  2.26  -0.29
  2.19  -0.57
  2.16  -0.15
  2.11   0.60
  2.11  -0.34
  2.20  -0.51
  2.25  -0.47
  2.21  -0.61
  2.23   0.18
  2.23   0.14
  2.24   0.68
  2.20   0.15
  2.16   1.00
  2.13   0.07
  2.29   0.01
  2.15   0.03
  2.28   0.19
  2.20   0.76
  2.24  -0.66
  2.22  -0.30
  2.18  -0.91
  2.25  -0.75
  2.21   0.52
  2.36   0.68
  2.33  -0.53
  2.14   0.01
  2.28   1.27
  2.37  -0.08
  2.34  -0.17
  2.20   0.51
  2.37   0.52
  2.14   0.55
  2.26   0.16
  2.09  -0.14
  2.28  -1.05
  2.10   0.35
  2.20   0.02
